15
2  1 3 100 220000000 2
3  1 3 100 220000000 2
4  1 3 100 2000000000 2
5  1 3 100 2000000000 2
6  1 3 100 2000000000 2
7  1 3 100 2000000000 2
8  1 3 100 2000000000 2
9  1 3 100 2000000000 2
10 1 3 100 2000000000 2
11 1 3 100 2000000000 2
12 1 3 100 2000000000 2
13 1 3 100 2000000000 2
14 1 3 100 2000000000 2
15 1 3 100 2000000000 2
16 1 3 100 2000000000 2
17 1 3 100 2000000000 2
18 1 3 100 2000000000 2
19 1 3 100 2000000000 2
20 1 3 100 2000000000 2
21 1 3 100 2000000000 2
22 1 3 100 2000000000 2
23 1 3 100 2000000000 2
24 1 3 100 1550000000 2.7
25 1 3 100 1550000000 2.7
26 1 3 100 1550000000 2.7
27 1 3 100 1550000000 2.7
28 1 3 100 1550000000 2.7
29 1 3 100 1550000000 2.7
30 1 3 100 1550000000 2.7
31 1 3 100 1550000000 2.7
32 1 3 100 1550000000 2.7
33 1 3 100 1550000000 2.7
34 1 3 100 520000000 3
35 1 3 100 520000000 3
36 1 3 100 520000000 3.3
37 1 3 100 520000000 3.3
38 1 3 100 520000000 3.6
39 1 3 100 520000000 3.6