2 
2 1 3 100 55809 2.000000542
3 1 3 100 21072 2.000003300
4 1 3 100 3517 2.000005621
5 1 3 100 6827406 2.000006923
6 1 3 100 9364 2.000007676
7 1  3 100 54047 2.000007697
8 1 3 100 13061 2.000011374
9 1 3 100 4311 2.000011528
10 1 3 100 684134 2.000011812
3 6 3 100 173754 2.000012217
7 5 3 100 1042828 2.000013542
8 2 3 100 11563 2.000014207
9 6 3 100 4235832 2.000014220
1 7 3 100 1500700 2.000016068
1 2 3 100 7238553 2.000017523
8 4 3 100 14876 2.000018463
5 7 3 100 74278 2.000031736
6 9 3 100 158410 2.000031838