20
2  1 3 100 50000000 4
3  1 3 100 50000000 6
4  1 3 100 50000000 8
5  1 3 100 80000000 10
6  1 3 100 80000000 10
7  1 3 100 80000000 10
8  1 3 100 80000000 10
9  1 3 100 80000000 10
10 1 3 100 80000000 10
11 1 3 100 80000000 10
12 1 3 100 80000000 10
13 1 3 100 80000000 10
14 1 3 100 80000000 10
15 1 3 100 80000000 12
16 1 3 100 80000000 12
17 1 3 100 80000000 12
18 1 3 100 80000000 12
19 1 3 100 80000000 12
20 1 3 100 80000000 12
21 1 3 100 80000000 12
22 1 3 100 80000000 12
23 1 3 100 80000000 12
24 1 3 100 80000000 12
25 1 3 100 30000000 20
26 1 3 100 30000000 20
27 1 3 100 30000000 20
28 1 3 100 30000000 20
29 1 3 100 30000000 20
30 1 3 100 30000000 22
31 1 3 100 30000000 22
32 1 3 100 30000000 22
33 1 3 100 30000000 22
34 1 3 100 30000000 22
35 1 3 100 10000000 30
36 1 3 100 10000000 30
37 1 3 100 10000000 30
38 1 3 100 10000000 30
39 1 3 100 10000000 30