33
2  1 3 100 180000000 2
3  1 3 100 180000000 2
4  1 3 100 2300000000 2
5  1 3 100 2300000000 2
6  1 3 100 2300000000 2
7  1 3 100 2300000000 2
8  1 3 100 2300000000 2
9  1 3 100 2300000000 2
10 1 3 100 2300000000 2
11 1 3 100 2300000000 2
12 1 3 100 2300000000 2
13 1 3 100 2300000000 2
14 1 3 100 2300000000 2
15 1 3 100 2300000000 2
16 1 3 100 2300000000 2
17 1 3 100 2300000000 2
18 1 3 100 2300000000 2
19 1 3 100 2300000000 2
20 1 3 100 2300000000 2
21 1 3 100 2300000000 2
22 1 3 100 2300000000 2
23 1 3 100 2300000000 2
24 1 3 100 1700000000 2.3
25 1 3 100 1700000000 2.3
26 1 3 100 1700000000 2.3
27 1 3 100 1700000000 2.3
28 1 3 100 1700000000 2.3
29 1 3 100 1700000000 2.3
30 1 3 100 1700000000 2.3
31 1 3 100 1700000000 2.3
32 1 3 100 1700000000 2.3
33 1 3 100 1700000000 2.3
34 1 3 100 550000000 3
35 1 3 100 550000000 3
36 1 3 100 550000000 3.5
37 1 3 100 550000000 3.5
38 1 3 100 550000000 3.8
39 1 3 100 550000000 3.8