0b000201 0b000101 10000 100 50000000 4000000000 5716683 4196160
0b000301 0b000101 10000 100 50000000 6000000000 5724559 4196160
0b000401 0b000101 10000 100 50000000 8000000000 5730908 4196160
0b000a01 0b000101 10000 100 80000000 10000000000 66859020 6711360
0b000801 0b000101 10000 100 80000000 10000000000 66973596 6711360
0b000601 0b000101 10000 100 80000000 10000000000 67060872 6711360
0b000701 0b000101 10000 100 80000000 10000000000 67079436 6711360
0b000501 0b000101 10000 100 80000000 10000000000 67137648 6711360
0b000901 0b000101 10000 100 80000000 10000000000 67157136 6711360
0b000c01 0b000101 10000 100 80000000 10000000000 67158480 6711360
0b000e01 0b000101 10000 100 80000000 10000000000 67189980 6711360
0b000d01 0b000101 10000 100 80000000 10000000000 67195020 6711360
0b000b01 0b000101 10000 100 80000000 10000000000 67206635 6711360
