2001275086 5 0 1 1
2001275107 2 0 1 1
2001275170 3 0 1 1
2001275170 4 0 1 1
2001283843 5 0 1 0
2001283927 2 0 1 0
2001284011 3 0 1 0
2001284095 4 0 1 0
2001286770 5 0 1 1
2001286854 2 0 1 1
2001286938 3 0 1 1
2001287022 4 0 1 1
2001295603 5 0 1 0
2001295687 2 0 1 0
2001295771 3 0 1 0
2001295855 4 0 1 0
2001298530 5 0 1 1
2001298614 2 0 1 1
2001298698 3 0 1 1
2001298782 4 0 1 1
2001307363 5 0 1 0
2001307447 2 0 1 0
2001307531 3 0 1 0
2001307615 4 0 1 0
2001310290 5 0 1 1
2001310374 2 0 1 1
2001310458 3 0 1 1
2001310542 4 0 1 1
2001319123 5 0 1 0
2001319207 2 0 1 0
2001319291 3 0 1 0
2001319375 4 0 1 0
2001322050 5 0 1 1
2001322134 2 0 1 1
2001322218 3 0 1 1
2001322302 4 0 1 1
2001330883 5 0 1 0
2001330967 2 0 1 0
2001331051 3 0 1 0
2001331135 4 0 1 0
2001333810 5 0 1 1
2001333894 2 0 1 1
2001333978 3 0 1 1
2001334062 4 0 1 1
2001342643 5 0 1 0
2001342727 2 0 1 0
2001342811 3 0 1 0
2001342895 4 0 1 0
2001345570 5 0 1 1
2001345654 2 0 1 1
2001345738 3 0 1 1
2001345822 4 0 1 1
2001354403 5 0 1 0
2001354487 2 0 1 0
2001354571 3 0 1 0
2001354655 4 0 1 0
2001357330 5 0 1 1
2001357414 2 0 1 1
2001357498 3 0 1 1
2001357582 4 0 1 1
2001366163 5 0 1 0
2001366247 2 0 1 0
2001366331 3 0 1 0
2001366415 4 0 1 0
2001369090 5 0 1 1
2001369174 2 0 1 1
2001369258 3 0 1 1
2001369342 4 0 1 1
2001377923 5 0 1 0
2001378007 2 0 1 0
2001378091 3 0 1 0
2001378175 4 0 1 0
2001380850 5 0 1 1
2001380934 2 0 1 1
2001381018 3 0 1 1
2001381102 4 0 1 1
2001389683 5 0 1 0
2001389767 2 0 1 0
2001389851 3 0 1 0
2001389935 4 0 1 0
2001392610 5 0 1 1
2001392694 2 0 1 1
2001392778 3 0 1 1
2001392862 4 0 1 1
2001401443 5 0 1 0
2001401527 2 0 1 0
2001401611 3 0 1 0
2001401695 4 0 1 0
2001404370 5 0 1 1
2001404454 2 0 1 1
2001404538 3 0 1 1
2001404622 4 0 1 1
2001413203 5 0 1 0
2001413287 2 0 1 0
2001413371 3 0 1 0
2001413455 4 0 1 0
2001416130 5 0 1 1
2001416214 2 0 1 1
2001416298 3 0 1 1
2001416382 4 0 1 1
2001424963 5 0 1 0
2001425047 2 0 1 0
2001425131 3 0 1 0
2001425215 4 0 1 0
2001427890 5 0 1 1
2001427974 2 0 1 1
2001428058 3 0 1 1
2001428142 4 0 1 1
2001436723 5 0 1 0
2001436807 2 0 1 0
2001436891 3 0 1 0
2001436975 4 0 1 0
2001439650 5 0 1 1
2001439734 2 0 1 1
2001439818 3 0 1 1
2001439902 4 0 1 1
2001448483 5 0 1 0
2001448567 2 0 1 0
2001448651 3 0 1 0
2001448735 4 0 1 0
2001451410 5 0 1 1
2001451494 2 0 1 1
2001451578 3 0 1 1
2001451662 4 0 1 1
2001460243 5 0 1 0
2001460327 2 0 1 0
2001460411 3 0 1 0
2001460495 4 0 1 0
2001463170 5 0 1 1
2001463254 2 0 1 1
2001463338 3 0 1 1
2001463422 4 0 1 1
2001472003 5 0 1 0
2001472087 2 0 1 0
2001472171 3 0 1 0
2001472255 4 0 1 0
2001474930 5 0 1 1
2001475014 2 0 1 1
2001475098 3 0 1 1
2001475182 4 0 1 1
2001483763 5 0 1 0
2001483847 2 0 1 0
2001483931 3 0 1 0
2001484015 4 0 1 0
2001486690 5 0 1 1
2001486774 2 0 1 1
2001486858 3 0 1 1
2001486942 4 0 1 1
2001495523 5 0 1 0
2001495607 2 0 1 0
2001495691 3 0 1 0
2001495775 4 0 1 0
2001498450 5 0 1 1
2001498534 2 0 1 1
2001498618 3 0 1 1
2001498702 4 0 1 1
2001507283 5 0 1 0
2001507367 2 0 1 0
2001507451 3 0 1 0
2001507535 4 0 1 0
2001510210 5 0 1 1
2001510294 2 0 1 1
2001510378 3 0 1 1
2001510462 4 0 1 1
2001519043 5 0 1 0
2001519127 2 0 1 0
2001519211 3 0 1 0
2001519295 4 0 1 0
2001521970 5 0 1 1
2001522054 2 0 1 1
2001522138 3 0 1 1
2001522222 4 0 1 1
2001530803 5 0 1 0
2001530887 2 0 1 0
2001530971 3 0 1 0
2001531055 4 0 1 0
2001533730 5 0 1 1
2001533814 2 0 1 1
2001533898 3 0 1 1
2001533982 4 0 1 1
2001542563 5 0 1 0
2001542647 2 0 1 0
2001542731 3 0 1 0
2001542815 4 0 1 0
2001545490 5 0 1 1
2001545574 2 0 1 1
2001545658 3 0 1 1
2001545742 4 0 1 1
2001554323 5 0 1 0
2001554407 2 0 1 0
2001554491 3 0 1 0
2001554575 4 0 1 0
2001557250 5 0 1 1
2001557334 2 0 1 1
2001557418 3 0 1 1
2001557502 4 0 1 1
2001566083 5 0 1 0
2001566167 2 0 1 0
2001566251 3 0 1 0
2001566335 4 0 1 0
2001569010 5 0 1 1
2001569094 2 0 1 1
2001569178 3 0 1 1
2001569262 4 0 1 1
2001577843 5 0 1 0
2001577927 2 0 1 0
2001578011 3 0 1 0
2001578095 4 0 1 0
2001580770 5 0 1 1
2001580854 2 0 1 1
2001580938 3 0 1 1
2001581022 4 0 1 1
2001589603 5 0 1 0
2001589687 2 0 1 0
2001589771 3 0 1 0
2001589855 4 0 1 0
2001592530 5 0 1 1
2001592614 2 0 1 1
2001592698 3 0 1 1
2001592782 4 0 1 1
2001601363 5 0 1 0
2001601447 2 0 1 0
2001601531 3 0 1 0
2001601615 4 0 1 0
2001604290 5 0 1 1
2001604374 2 0 1 1
2001604458 3 0 1 1
2001604542 4 0 1 1
2001613123 5 0 1 0
2001613207 2 0 1 0
2001613291 3 0 1 0
2001613375 4 0 1 0
2001616050 5 0 1 1
2001616134 2 0 1 1
2001616218 3 0 1 1
2001616302 4 0 1 1
2001624883 5 0 1 0
2001624967 2 0 1 0
2001625051 3 0 1 0
2001625135 4 0 1 0
2001627810 5 0 1 1
2001627894 2 0 1 1
2001627978 3 0 1 1
2001628062 4 0 1 1
2001636643 5 0 1 0
2001636727 2 0 1 0
2001636811 3 0 1 0
2001636895 4 0 1 0
2001639570 5 0 1 1
2001639654 2 0 1 1
2001639738 3 0 1 1
2001639822 4 0 1 1
2001648403 5 0 1 0
2001648487 2 0 1 0
2001648571 3 0 1 0
2001648655 4 0 1 0
2001651330 5 0 1 1
2001651414 2 0 1 1
2001651498 3 0 1 1
2001651582 4 0 1 1
2001660163 5 0 1 0
2001660247 2 0 1 0
2001660331 3 0 1 0
2001660415 4 0 1 0
2001663090 5 0 1 1
2001663174 2 0 1 1
2001663258 3 0 1 1
2001663342 4 0 1 1
2001671923 5 0 1 0
2001672007 2 0 1 0
2001672091 3 0 1 0
2001672175 4 0 1 0
2001674850 5 0 1 1
2001674934 2 0 1 1
2001675018 3 0 1 1
2001675102 4 0 1 1
2001683683 5 0 1 0
2001683767 2 0 1 0
2001683851 3 0 1 0
2001683935 4 0 1 0
2001686610 5 0 1 1
2001686694 2 0 1 1
2001686778 3 0 1 1
2001686862 4 0 1 1
2001695443 5 0 1 0
2001695527 2 0 1 0
2001695611 3 0 1 0
2001695695 4 0 1 0
2001698370 5 0 1 1
2001698454 2 0 1 1
2001698538 3 0 1 1
2001698622 4 0 1 1
2001707203 5 0 1 0
2001707287 2 0 1 0
2001707371 3 0 1 0
2001707455 4 0 1 0
2001710130 5 0 1 1
2001710214 2 0 1 1
2001710298 3 0 1 1
2001710382 4 0 1 1
2001718963 5 0 1 0
2001719047 2 0 1 0
2001719131 3 0 1 0
2001719215 4 0 1 0
2001721890 5 0 1 1
2001721974 2 0 1 1
2001722058 3 0 1 1
2001722142 4 0 1 1
2001730723 5 0 1 0
2001730807 2 0 1 0
2001730891 3 0 1 0
2001730975 4 0 1 0
2001733650 5 0 1 1
2001733734 2 0 1 1
2001733818 3 0 1 1
2001733902 4 0 1 1
2001742483 5 0 1 0
2001742567 2 0 1 0
2001742651 3 0 1 0
2001742735 4 0 1 0
2001745410 5 0 1 1
2001745494 2 0 1 1
2001745578 3 0 1 1
2001745662 4 0 1 1
2001754243 5 0 1 0
2001754327 2 0 1 0
2001754411 3 0 1 0
2001754495 4 0 1 0
2001757170 5 0 1 1
2001757254 2 0 1 1
2001757338 3 0 1 1
2001757422 4 0 1 1
2001766003 5 0 1 0
2001766087 2 0 1 0
2001766171 3 0 1 0
2001766255 4 0 1 0
2001768930 5 0 1 1
2001769014 2 0 1 1
2001769098 3 0 1 1
2001769182 4 0 1 1
2001777763 5 0 1 0
2001777847 2 0 1 0
2001777931 3 0 1 0
2001778015 4 0 1 0
2001780690 5 0 1 1
2001780774 2 0 1 1
2001780858 3 0 1 1
2001780942 4 0 1 1
2001789523 5 0 1 0
2001789607 2 0 1 0
2001789691 3 0 1 0
2001789775 4 0 1 0
2001792450 5 0 1 1
2001792534 2 0 1 1
2001792618 3 0 1 1
2001792702 4 0 1 1
2001801283 5 0 1 0
2001801367 2 0 1 0
2001801451 3 0 1 0
2001801535 4 0 1 0
2001804210 5 0 1 1
2001804294 2 0 1 1
2001804378 3 0 1 1
2001804462 4 0 1 1
2001813043 5 0 1 0
2001813127 2 0 1 0
2001813211 3 0 1 0
2001813295 4 0 1 0
2001815970 5 0 1 1
2001816054 2 0 1 1
2001816138 3 0 1 1
2001816222 4 0 1 1
2001824803 5 0 1 0
2001824887 2 0 1 0
2001824971 3 0 1 0
2001825055 4 0 1 0
2001827730 5 0 1 1
2001827814 2 0 1 1
2001827898 3 0 1 1
2001827982 4 0 1 1
2001836563 5 0 1 0
2001836647 2 0 1 0
2001836731 3 0 1 0
2001836815 4 0 1 0
2001839490 5 0 1 1
2001839574 2 0 1 1
2001839658 3 0 1 1
2001839742 4 0 1 1
2001848323 5 0 1 0
2001848407 2 0 1 0
2001848491 3 0 1 0
2001848575 4 0 1 0
2001851250 5 0 1 1
2001851334 2 0 1 1
2001851418 3 0 1 1
2001851502 4 0 1 1
2001860083 5 0 1 0
2001860167 2 0 1 0
2001860251 3 0 1 0
2001860335 4 0 1 0
2001863010 5 0 1 1
2001863094 2 0 1 1
2001863178 3 0 1 1
2001863262 4 0 1 1
2001871843 5 0 1 0
2001871927 2 0 1 0
2001872011 3 0 1 0
2001872095 4 0 1 0
2001874770 5 0 1 1
2001874854 2 0 1 1
2001874938 3 0 1 1
2001875022 4 0 1 1
2001883603 5 0 1 0
2001883687 2 0 1 0
2001883771 3 0 1 0
2001883855 4 0 1 0
2001886530 5 0 1 1
2001886614 2 0 1 1
2001886698 3 0 1 1
2001886782 4 0 1 1
2001895363 5 0 1 0
2001895447 2 0 1 0
2001895531 3 0 1 0
2001895615 4 0 1 0
2001898290 5 0 1 1
2001898374 2 0 1 1
2001898458 3 0 1 1
2001898542 4 0 1 1
2001907123 5 0 1 0
2001907207 2 0 1 0
2001907291 3 0 1 0
2001907375 4 0 1 0
2001910050 5 0 1 1
2001910134 2 0 1 1
2001910218 3 0 1 1
2001910302 4 0 1 1
2001918883 5 0 1 0
2001918967 2 0 1 0
2001919051 3 0 1 0
2001919135 4 0 1 0
2001921810 5 0 1 1
2001921894 2 0 1 1
2001921978 3 0 1 1
2001922062 4 0 1 1
2001930643 5 0 1 0
2001930727 2 0 1 0
2001930811 3 0 1 0
2001930895 4 0 1 0
2001933570 5 0 1 1
2001933654 2 0 1 1
2001933738 3 0 1 1
2001933822 4 0 1 1
2001942403 5 0 1 0
2001942487 2 0 1 0
2001942571 3 0 1 0
2001942655 4 0 1 0
2001945330 5 0 1 1
2001945414 2 0 1 1
2001945498 3 0 1 1
2001945582 4 0 1 1
2001954163 5 0 1 0
2001954247 2 0 1 0
2001954331 3 0 1 0
2001954415 4 0 1 0
2001957090 5 0 1 1
2001957174 2 0 1 1
2001957258 3 0 1 1
2001957342 4 0 1 1
2001965923 5 0 1 0
2001966007 2 0 1 0
2001966091 3 0 1 0
2001966175 4 0 1 0
2001968850 5 0 1 1
2001968934 2 0 1 1
2001969018 3 0 1 1
2001969102 4 0 1 1
2001977683 5 0 1 0
2001977767 2 0 1 0
2001977851 3 0 1 0
2001977935 4 0 1 0
2001980610 5 0 1 1
2001980694 2 0 1 1
2001980778 3 0 1 1
2001980862 4 0 1 1
2001989443 5 0 1 0
2001989527 2 0 1 0
2001989611 3 0 1 0
2001989695 4 0 1 0
2001992370 5 0 1 1
2001992454 2 0 1 1
2001992538 3 0 1 1
2001992622 4 0 1 1
2002001203 5 0 1 0
2002001287 2 0 1 0
2002001371 3 0 1 0
2002001455 4 0 1 0
2002004130 5 0 1 1
2002004214 2 0 1 1
2002004298 3 0 1 1
2002004382 4 0 1 1
2002012963 5 0 1 0
2002013047 2 0 1 0
2002013131 3 0 1 0
2002013215 4 0 1 0
2002015890 5 0 1 1
2002015974 2 0 1 1
2002016058 3 0 1 1
2002016142 4 0 1 1
2002024723 5 0 1 0
2002024807 2 0 1 0
2002024891 3 0 1 0
2002024975 4 0 1 0
2002027650 5 0 1 1
2002027734 2 0 1 1
2002027818 3 0 1 1
2002027902 4 0 1 1
2002036483 5 0 1 0
2002036567 2 0 1 0
2002036651 3 0 1 0
2002036735 4 0 1 0
2002039410 5 0 1 1
2002039494 2 0 1 1
2002039578 3 0 1 1
2002039662 4 0 1 1
2002048243 5 0 1 0
2002048327 2 0 1 0
2002048411 3 0 1 0
2002048495 4 0 1 0
2002051170 5 0 1 1
2002051254 2 0 1 1
2002051338 3 0 1 1
2002051422 4 0 1 1
2002060003 5 0 1 0
2002060087 2 0 1 0
2002060171 3 0 1 0
2002060255 4 0 1 0
2002062930 5 0 1 1
2002063014 2 0 1 1
2002063098 3 0 1 1
2002063182 4 0 1 1
2002071763 5 0 1 0
2002071847 2 0 1 0
2002071931 3 0 1 0
2002072015 4 0 1 0
2002074690 5 0 1 1
2002074774 2 0 1 1
2002074858 3 0 1 1
2002074942 4 0 1 1
2002083523 5 0 1 0
2002083607 2 0 1 0
2002083691 3 0 1 0
2002083775 4 0 1 0
2002086450 5 0 1 1
2002086534 2 0 1 1
2002086618 3 0 1 1
2002086702 4 0 1 1
2002095283 5 0 1 0
2002095367 2 0 1 0
2002095451 3 0 1 0
2002095535 4 0 1 0
2002098210 5 0 1 1
2002098294 2 0 1 1
2002098378 3 0 1 1
2002098462 4 0 1 1
2002106791 5 0 1 0
2002107043 2 0 1 0
2002107295 3 0 1 0
2002107547 4 0 1 0
2002109802 5 0 1 1
2002110054 2 0 1 1
2002110222 3 0 1 1
2002110474 4 0 1 1
2002118887 5 0 1 0
2002119055 3 0 1 0
2002119139 2 0 1 0
2002119307 4 0 1 0
2002121898 5 0 1 1
2002121982 3 0 1 1
2002122066 2 0 1 1
2002122234 4 0 1 1
2002130815 3 0 1 0
2002130899 2 0 1 0
2002130983 5 0 1 0
2002131067 4 0 1 0
2002133742 3 0 1 1
2002133826 2 0 1 1
2002133910 5 0 1 1
2002133994 4 0 1 1
2002142575 3 0 1 0
2002142659 2 0 1 0
2002142743 5 0 1 0
2002142827 4 0 1 0
2002145502 3 0 1 1
2002145586 2 0 1 1
2002145670 5 0 1 1
2002145754 4 0 1 1
2002154335 3 0 1 0
2002154419 2 0 1 0
2002154503 5 0 1 0
2002154587 4 0 1 0
2002157262 3 0 1 1
2002157346 2 0 1 1
2002157430 5 0 1 1
2002157514 4 0 1 1
2002166095 3 0 1 0
2002166179 2 0 1 0
2002166263 5 0 1 0
2002166347 4 0 1 0
2002169022 3 0 1 1
2002169106 2 0 1 1
2002169190 5 0 1 1
2002169274 4 0 1 1
2002177855 3 0 1 0
2002177939 2 0 1 0
2002178023 5 0 1 0
2002178107 4 0 1 0
2002180782 3 0 1 1
2002180866 2 0 1 1
2002180950 5 0 1 1
2002181034 4 0 1 1
2002189615 3 0 1 0
2002189699 2 0 1 0
2002189783 5 0 1 0
2002189867 4 0 1 0
2002192542 3 0 1 1
2002192626 2 0 1 1
2002192710 5 0 1 1
2002192794 4 0 1 1
2002201375 3 0 1 0
2002201459 2 0 1 0
2002201543 5 0 1 0
2002201627 4 0 1 0
2002204302 3 0 1 1
2002204386 2 0 1 1
2002204470 5 0 1 1
2002204554 4 0 1 1
2002213135 3 0 1 0
2002213219 2 0 1 0
2002213303 5 0 1 0
2002213387 4 0 1 0
2002216062 3 0 1 1
2002216146 2 0 1 1
2002216230 5 0 1 1
2002216314 4 0 1 1
2002224895 3 0 1 0
2002224979 2 0 1 0
2002225063 5 0 1 0
2002225147 4 0 1 0
2002227822 3 0 1 1
2002227906 2 0 1 1
2002227990 5 0 1 1
2002228074 4 0 1 1
2002236655 3 0 1 0
2002236739 2 0 1 0
2002236823 5 0 1 0
2002236907 4 0 1 0
2002239582 3 0 1 1
2002239666 2 0 1 1
2002239750 5 0 1 1
2002239834 4 0 1 1
2002248415 3 0 1 0
2002248499 2 0 1 0
2002248583 5 0 1 0
2002248667 4 0 1 0
2002251342 3 0 1 1
2002251426 2 0 1 1
2002251510 5 0 1 1
2002251594 4 0 1 1
2002260175 3 0 1 0
2002260259 2 0 1 0
2002260343 5 0 1 0
2002260427 4 0 1 0
2002263102 3 0 1 1
2002263186 2 0 1 1
2002263270 5 0 1 1
2002263354 4 0 1 1
2002271935 3 0 1 0
2002272019 2 0 1 0
2002272103 5 0 1 0
2002272187 4 0 1 0
2002274862 3 0 1 1
2002274946 2 0 1 1
2002275030 5 0 1 1
2002275114 4 0 1 1
2002283695 3 0 1 0
2002283779 2 0 1 0
2002283863 5 0 1 0
2002283947 4 0 1 0
2002286622 3 0 1 1
2002286706 2 0 1 1
2002286790 5 0 1 1
2002286874 4 0 1 1
2002295455 3 0 1 0
2002295539 2 0 1 0
2002295623 5 0 1 0
2002295707 4 0 1 0
2002298382 3 0 1 1
2002298466 2 0 1 1
2002298550 5 0 1 1
2002298634 4 0 1 1
2002307215 3 0 1 0
2002307299 2 0 1 0
2002307383 5 0 1 0
2002307467 4 0 1 0
2002310142 3 0 1 1
2002310226 2 0 1 1
2002310310 5 0 1 1
2002310394 4 0 1 1
2002318975 3 0 1 0
2002319059 2 0 1 0
2002319143 5 0 1 0
2002319227 4 0 1 0
2002321902 3 0 1 1
2002321986 2 0 1 1
2002322070 5 0 1 1
2002322154 4 0 1 1
2002330735 3 0 1 0
2002330819 2 0 1 0
2002330903 5 0 1 0
2002330987 4 0 1 0
2002333662 3 0 1 1
2002333746 2 0 1 1
2002333830 5 0 1 1
2002333914 4 0 1 1
2002342495 3 0 1 0
2002342579 2 0 1 0
2002342663 5 0 1 0
2002342747 4 0 1 0
2002345422 3 0 1 1
2002345506 2 0 1 1
2002345590 5 0 1 1
2002345674 4 0 1 1
2002354255 3 0 1 0
2002354339 2 0 1 0
2002354423 5 0 1 0
2002354507 4 0 1 0
2002357182 3 0 1 1
2002357266 2 0 1 1
2002357350 5 0 1 1
2002357434 4 0 1 1
2002366015 3 0 1 0
2002366099 2 0 1 0
2002366183 5 0 1 0
2002366267 4 0 1 0
2002368942 3 0 1 1
2002369026 2 0 1 1
2002369110 5 0 1 1
2002369194 4 0 1 1
2002377775 3 0 1 0
2002377859 2 0 1 0
2002377943 5 0 1 0
2002378027 4 0 1 0
2002380702 3 0 1 1
2002380786 2 0 1 1
2002380870 5 0 1 1
2002380954 4 0 1 1
2002389535 3 0 1 0
2002389619 2 0 1 0
2002389703 5 0 1 0
2002389787 4 0 1 0
2002392462 3 0 1 1
2002392546 2 0 1 1
2002392630 5 0 1 1
2002392714 4 0 1 1
2002401295 3 0 1 0
2002401379 2 0 1 0
2002401463 5 0 1 0
2002401547 4 0 1 0
2002404222 3 0 1 1
2002404306 2 0 1 1
2002404390 5 0 1 1
2002404474 4 0 1 1
2002413055 3 0 1 0
2002413139 2 0 1 0
2002413223 5 0 1 0
2002413307 4 0 1 0
2002415982 3 0 1 1
2002416066 2 0 1 1
2002416150 5 0 1 1
2002416234 4 0 1 1
2002424815 3 0 1 0
2002424899 2 0 1 0
2002424983 5 0 1 0
2002425067 4 0 1 0
2002427742 3 0 1 1
2002427826 2 0 1 1
2002427910 5 0 1 1
2002427994 4 0 1 1
2002436575 3 0 1 0
2002436659 2 0 1 0
2002436743 5 0 1 0
2002436827 4 0 1 0
2002439502 3 0 1 1
2002439586 2 0 1 1
2002439670 5 0 1 1
2002439754 4 0 1 1
2002448335 3 0 1 0
2002448419 2 0 1 0
2002448503 5 0 1 0
2002448587 4 0 1 0
2002451262 3 0 1 1
2002451346 2 0 1 1
2002451430 5 0 1 1
2002451514 4 0 1 1
2002460095 3 0 1 0
2002460179 2 0 1 0
2002460263 5 0 1 0
2002460347 4 0 1 0
2002463022 3 0 1 1
2002463106 2 0 1 1
2002463190 5 0 1 1
2002463274 4 0 1 1
2002471855 3 0 1 0
2002471939 2 0 1 0
2002472023 5 0 1 0
2002472107 4 0 1 0
2002474782 3 0 1 1
2002474866 2 0 1 1
2002474950 5 0 1 1
2002475034 4 0 1 1
2002483615 3 0 1 0
2002483699 2 0 1 0
2002483783 5 0 1 0
2002483867 4 0 1 0
2002486542 3 0 1 1
2002486626 2 0 1 1
2002486710 5 0 1 1
2002486794 4 0 1 1
2002495375 3 0 1 0
2002495459 2 0 1 0
2002495543 5 0 1 0
2002495627 4 0 1 0
2002498302 3 0 1 1
2002498386 2 0 1 1
2002498470 5 0 1 1
2002498554 4 0 1 1
2002507135 3 0 1 0
2002507219 2 0 1 0
2002507303 5 0 1 0
2002507387 4 0 1 0
2002510062 3 0 1 1
2002510146 2 0 1 1
2002510230 5 0 1 1
2002510314 4 0 1 1
2002518895 3 0 1 0
2002518979 2 0 1 0
2002519063 5 0 1 0
2002519147 4 0 1 0
2002521822 3 0 1 1
2002521906 2 0 1 1
2002521990 5 0 1 1
2002522074 4 0 1 1
2002530655 3 0 1 0
2002530739 2 0 1 0
2002530823 5 0 1 0
2002530907 4 0 1 0
2002533582 3 0 1 1
2002533666 2 0 1 1
2002533750 5 0 1 1
2002533834 4 0 1 1
2002542415 3 0 1 0
2002542499 2 0 1 0
2002542583 5 0 1 0
2002542667 4 0 1 0
2002545342 3 0 1 1
2002545426 2 0 1 1
2002545510 5 0 1 1
2002545594 4 0 1 1
2002554175 3 0 1 0
2002554259 2 0 1 0
2002554343 5 0 1 0
2002554427 4 0 1 0
2002557102 3 0 1 1
2002557186 2 0 1 1
2002557270 5 0 1 1
2002557354 4 0 1 1
2002565935 3 0 1 0
2002566019 2 0 1 0
2002566103 5 0 1 0
2002566187 4 0 1 0
2002568862 3 0 1 1
2002568946 2 0 1 1
2002569030 5 0 1 1
2002569114 4 0 1 1
2002577695 3 0 1 0
2002577779 2 0 1 0
2002577863 5 0 1 0
2002577947 4 0 1 0
2002580622 3 0 1 1
2002580706 2 0 1 1
2002580790 5 0 1 1
2002580874 4 0 1 1
2002589455 3 0 1 0
2002589539 2 0 1 0
2002589623 5 0 1 0
2002589707 4 0 1 0
2002592382 3 0 1 1
2002592466 2 0 1 1
2002592550 5 0 1 1
2002592634 4 0 1 1
2002601215 3 0 1 0
2002601299 2 0 1 0
2002601383 5 0 1 0
2002601467 4 0 1 0
2002604142 3 0 1 1
2002604226 2 0 1 1
2002604310 5 0 1 1
2002604394 4 0 1 1
2002612975 3 0 1 0
2002613059 2 0 1 0
2002613143 5 0 1 0
2002613227 4 0 1 0
2002615902 3 0 1 1
2002615986 2 0 1 1
2002616070 5 0 1 1
2002616154 4 0 1 1
2002624735 3 0 1 0
2002624819 2 0 1 0
2002624903 5 0 1 0
2002624987 4 0 1 0
2002627662 3 0 1 1
2002627746 2 0 1 1
2002627830 5 0 1 1
2002627914 4 0 1 1
2002636495 3 0 1 0
2002636579 2 0 1 0
2002636663 5 0 1 0
2002636747 4 0 1 0
2002639422 3 0 1 1
2002639506 2 0 1 1
2002639590 5 0 1 1
2002639674 4 0 1 1
2002648255 3 0 1 0
2002648339 2 0 1 0
2002648423 5 0 1 0
2002648507 4 0 1 0
2002651182 3 0 1 1
2002651266 2 0 1 1
2002651350 5 0 1 1
2002651434 4 0 1 1
2002660015 3 0 1 0
2002660099 2 0 1 0
2002660183 5 0 1 0
2002660267 4 0 1 0
2002662942 3 0 1 1
2002663026 2 0 1 1
2002663110 5 0 1 1
2002663194 4 0 1 1
2002671775 3 0 1 0
2002671859 2 0 1 0
2002671943 5 0 1 0
2002672027 4 0 1 0
2002674702 3 0 1 1
2002674786 2 0 1 1
2002674870 5 0 1 1
2002674954 4 0 1 1
2002683535 3 0 1 0
2002683619 2 0 1 0
2002683703 5 0 1 0
2002683787 4 0 1 0
2002686462 3 0 1 1
2002686546 2 0 1 1
2002686630 5 0 1 1
2002686714 4 0 1 1
2002695295 3 0 1 0
2002695379 2 0 1 0
2002695463 5 0 1 0
2002695547 4 0 1 0
2002698222 3 0 1 1
2002698306 2 0 1 1
2002698390 5 0 1 1
2002698474 4 0 1 1
2002707055 3 0 1 0
2002707139 2 0 1 0
2002707223 5 0 1 0
2002707307 4 0 1 0
2002709982 3 0 1 1
2002710066 2 0 1 1
2002710150 5 0 1 1
2002710234 4 0 1 1
2002718815 3 0 1 0
2002718899 2 0 1 0
2002718983 5 0 1 0
2002719067 4 0 1 0
2002721742 3 0 1 1
2002721826 2 0 1 1
2002721910 5 0 1 1
2002721994 4 0 1 1
2002730575 3 0 1 0
2002730659 2 0 1 0
2002730743 5 0 1 0
2002730827 4 0 1 0
2002733502 3 0 1 1
2002733586 2 0 1 1
2002733670 5 0 1 1
2002733754 4 0 1 1
2002742335 3 0 1 0
2002742419 2 0 1 0
2002742503 5 0 1 0
2002742587 4 0 1 0
2002745262 3 0 1 1
2002745346 2 0 1 1
2002745430 5 0 1 1
2002745514 4 0 1 1
2002754095 3 0 1 0
2002754179 2 0 1 0
2002754263 5 0 1 0
2002754347 4 0 1 0
2002757022 3 0 1 1
2002757106 2 0 1 1
2002757190 5 0 1 1
2002757274 4 0 1 1
2002765855 3 0 1 0
2002765939 2 0 1 0
2002766023 5 0 1 0
2002766107 4 0 1 0
2002768782 3 0 1 1
2002768866 2 0 1 1
2002768950 5 0 1 1
2002769034 4 0 1 1
2002777615 3 0 1 0
2002777699 2 0 1 0
2002777783 5 0 1 0
2002777867 4 0 1 0
2002780542 3 0 1 1
2002780626 2 0 1 1
2002780710 5 0 1 1
2002780794 4 0 1 1
2002789375 3 0 1 0
2002789459 2 0 1 0
2002789543 5 0 1 0
2002789627 4 0 1 0
2002792302 3 0 1 1
2002792386 2 0 1 1
2002792470 5 0 1 1
2002792554 4 0 1 1
2002801135 3 0 1 0
2002801219 2 0 1 0
2002801303 5 0 1 0
2002801387 4 0 1 0
2002804062 3 0 1 1
2002804146 2 0 1 1
2002804230 5 0 1 1
2002804314 4 0 1 1
2002812895 3 0 1 0
2002812979 2 0 1 0
2002813063 5 0 1 0
2002813147 4 0 1 0
2002815822 3 0 1 1
2002815906 2 0 1 1
2002815990 5 0 1 1
2002816074 4 0 1 1
2002824655 3 0 1 0
2002824739 2 0 1 0
2002824823 5 0 1 0
2002824907 4 0 1 0
2002827582 3 0 1 1
2002827666 2 0 1 1
2002827750 5 0 1 1
2002827834 4 0 1 1
2002836415 3 0 1 0
2002836499 2 0 1 0
2002836583 5 0 1 0
2002836667 4 0 1 0
2002839342 3 0 1 1
2002839426 2 0 1 1
2002839510 5 0 1 1
2002839594 4 0 1 1
2002848175 3 0 1 0
2002848259 2 0 1 0
2002848343 5 0 1 0
2002848427 4 0 1 0
2002851102 3 0 1 1
2002851186 2 0 1 1
2002851270 5 0 1 1
2002851354 4 0 1 1
2002859935 3 0 1 0
2002860019 2 0 1 0
2002860103 5 0 1 0
2002860187 4 0 1 0
2002862862 3 0 1 1
2002862946 2 0 1 1
2002863030 5 0 1 1
2002863114 4 0 1 1
2002871695 3 0 1 0
2002871779 2 0 1 0
2002871863 5 0 1 0
2002871947 4 0 1 0
2002874622 3 0 1 1
2002874706 2 0 1 1
2002874790 5 0 1 1
2002874874 4 0 1 1
2002883455 3 0 1 0
2002883539 2 0 1 0
2002883623 5 0 1 0
2002883707 4 0 1 0
2002886382 3 0 1 1
2002886466 2 0 1 1
2002886550 5 0 1 1
2002886634 4 0 1 1
2002895215 3 0 1 0
2002895299 2 0 1 0
2002895383 5 0 1 0
2002895467 4 0 1 0
2002898142 3 0 1 1
2002898226 2 0 1 1
2002898310 5 0 1 1
2002898394 4 0 1 1
2002906975 3 0 1 0
2002907059 2 0 1 0
2002907143 5 0 1 0
2002907227 4 0 1 0
2002909902 3 0 1 1
2002909986 2 0 1 1
2002910070 5 0 1 1
2002910154 4 0 1 1
2002918735 3 0 1 0
2002918819 2 0 1 0
2002918903 5 0 1 0
2002918987 4 0 1 0
2002921662 3 0 1 1
2002921746 2 0 1 1
2002921830 5 0 1 1
2002921914 4 0 1 1
2002929991 5 0 1 0
2002930243 2 0 1 0
2002930831 3 0 1 0
2002931419 4 0 1 0
2002933170 5 0 1 1
2002933254 2 0 1 1
2002933758 3 0 1 1
2002934262 4 0 1 1
2002942507 3 0 1 0
2002942675 4 0 1 0
2002942759 2 0 1 0
2002942927 5 0 1 0
2002945518 3 0 1 1
2002945602 4 0 1 1
2002945686 2 0 1 1
2002945854 5 0 1 1
2002954099 3 0 1 0
2002954183 4 0 1 0
2002954351 2 0 1 0
2002954939 5 0 1 0
2002957110 3 0 1 1
2002957194 4 0 1 1
2002957278 2 0 1 1
2002957782 5 0 1 1
2002966111 2 0 1 0
2002966195 3 0 1 0
2002966279 4 0 1 0
2002966699 5 0 1 0
2002969122 3 0 1 1
2002969122 2 0 1 1
2002969206 4 0 1 1
2002969626 5 0 1 1
2002977955 3 0 1 0
2002978039 4 0 1 0
2002978207 2 0 1 0
2002978459 5 0 1 0
2002980966 4 0 1 1
2002980966 3 0 1 1
2002981134 2 0 1 1
2002981386 5 0 1 1
2002989799 4 0 1 0
2002989967 2 0 1 0
2002990051 3 0 1 0
2002990219 5 0 1 0
2002992810 4 0 1 1
2002992894 2 0 1 1
2002992978 3 0 1 1
2002993146 5 0 1 1
2003001727 2 0 1 0
2003001811 3 0 1 0
2003001895 4 0 1 0
2003001979 5 0 1 0
2003004654 2 0 1 1
2003004738 3 0 1 1
2003004822 4 0 1 1
2003004906 5 0 1 1
2003013487 2 0 1 0
2003013571 3 0 1 0
2003013655 4 0 1 0
2003013739 5 0 1 0
2003016414 2 0 1 1
2003016498 3 0 1 1
2003016582 4 0 1 1
2003016666 5 0 1 1
2003025247 2 0 1 0
2003025331 3 0 1 0
2003025415 4 0 1 0
2003025499 5 0 1 0
2003028174 2 0 1 1
2003028258 3 0 1 1
2003028342 4 0 1 1
2003028426 5 0 1 1
2003037007 2 0 1 0
2003037091 3 0 1 0
2003037175 4 0 1 0
2003037259 5 0 1 0
2003039934 2 0 1 1
2003040018 3 0 1 1
2003040102 4 0 1 1
2003040186 5 0 1 1
2003048767 2 0 1 0
2003048851 3 0 1 0
2003048935 4 0 1 0
2003049019 5 0 1 0
2003051694 2 0 1 1
2003051778 3 0 1 1
2003051862 4 0 1 1
2003051946 5 0 1 1
2003060527 2 0 1 0
2003060611 3 0 1 0
2003060695 4 0 1 0
2003060779 5 0 1 0
2003063454 2 0 1 1
2003063538 3 0 1 1
2003063622 4 0 1 1
2003063706 5 0 1 1
2003072287 2 0 1 0
2003072371 3 0 1 0
2003072455 4 0 1 0
2003072539 5 0 1 0
2003075214 2 0 1 1
2003075298 3 0 1 1
2003075382 4 0 1 1
2003075466 5 0 1 1
2003084047 2 0 1 0
2003084131 3 0 1 0
2003084215 4 0 1 0
2003084299 5 0 1 0
2003086974 2 0 1 1
2003087058 3 0 1 1
2003087142 4 0 1 1
2003087226 5 0 1 1
2003095807 2 0 1 0
2003095891 3 0 1 0
2003095975 4 0 1 0
2003096059 5 0 1 0
2003098734 2 0 1 1
2003098818 3 0 1 1
2003098902 4 0 1 1
2003098986 5 0 1 1
2003107567 2 0 1 0
2003107651 3 0 1 0
2003107735 4 0 1 0
2003107819 5 0 1 0
2003110494 2 0 1 1
2003110578 3 0 1 1
2003110662 4 0 1 1
2003110746 5 0 1 1
2003119327 2 0 1 0
2003119411 3 0 1 0
2003119495 4 0 1 0
2003119579 5 0 1 0
2003122254 2 0 1 1
2003122338 3 0 1 1
2003122422 4 0 1 1
2003122506 5 0 1 1
2003131087 2 0 1 0
2003131171 3 0 1 0
2003131255 4 0 1 0
2003131339 5 0 1 0
2003134014 2 0 1 1
2003134098 3 0 1 1
2003134182 4 0 1 1
2003134266 5 0 1 1
2003142847 2 0 1 0
2003142931 3 0 1 0
2003143015 4 0 1 0
2003143099 5 0 1 0
2003145774 2 0 1 1
2003145858 3 0 1 1
2003145942 4 0 1 1
2003146026 5 0 1 1
2003154607 2 0 1 0
2003154691 3 0 1 0
2003154775 4 0 1 0
2003154859 5 0 1 0
2003157534 2 0 1 1
2003157618 3 0 1 1
2003157702 4 0 1 1
2003157786 5 0 1 1
2003166367 2 0 1 0
2003166451 3 0 1 0
2003166535 4 0 1 0
2003166619 5 0 1 0
2003169294 2 0 1 1
2003169378 3 0 1 1
2003169462 4 0 1 1
2003169546 5 0 1 1
2003178127 2 0 1 0
2003178211 3 0 1 0
2003178295 4 0 1 0
2003178379 5 0 1 0
2003181054 2 0 1 1
2003181138 3 0 1 1
2003181222 4 0 1 1
2003181306 5 0 1 1
2003189887 2 0 1 0
2003189971 3 0 1 0
2003190055 4 0 1 0
2003190139 5 0 1 0
2003192814 2 0 1 1
2003192898 3 0 1 1
2003192982 4 0 1 1
2003193066 5 0 1 1
2003201647 2 0 1 0
2003201731 3 0 1 0
2003201815 4 0 1 0
2003201899 5 0 1 0
2003204574 2 0 1 1
2003204658 3 0 1 1
2003204742 4 0 1 1
2003204826 5 0 1 1
2003213407 2 0 1 0
2003213491 3 0 1 0
2003213575 4 0 1 0
2003213659 5 0 1 0
2003216334 2 0 1 1
2003216418 3 0 1 1
2003216502 4 0 1 1
2003216586 5 0 1 1
2003225167 2 0 1 0
2003225251 3 0 1 0
2003225335 4 0 1 0
2003225419 5 0 1 0
2003228094 2 0 1 1
2003228178 3 0 1 1
2003228262 4 0 1 1
2003228346 5 0 1 1
2003236927 2 0 1 0
2003237011 3 0 1 0
2003237095 4 0 1 0
2003237179 5 0 1 0
2003239854 2 0 1 1
2003239938 3 0 1 1
2003240022 4 0 1 1
2003240106 5 0 1 1
2003248687 2 0 1 0
2003248771 3 0 1 0
2003248855 4 0 1 0
2003248939 5 0 1 0
2003251614 2 0 1 1
2003251698 3 0 1 1
2003251782 4 0 1 1
2003251866 5 0 1 1
2003260447 2 0 1 0
2003260531 3 0 1 0
2003260615 4 0 1 0
2003260699 5 0 1 0
2003263374 2 0 1 1
2003263458 3 0 1 1
2003263542 4 0 1 1
2003263626 5 0 1 1
2003272207 2 0 1 0
2003272291 3 0 1 0
2003272375 4 0 1 0
2003272459 5 0 1 0
2003275134 2 0 1 1
2003275218 3 0 1 1
2003275302 4 0 1 1
2003275386 5 0 1 1
2003283967 2 0 1 0
2003284051 3 0 1 0
2003284135 4 0 1 0
2003284219 5 0 1 0
2003286894 2 0 1 1
2003286978 3 0 1 1
2003287062 4 0 1 1
2003287146 5 0 1 1
2003295727 2 0 1 0
2003295811 3 0 1 0
2003295895 4 0 1 0
2003295979 5 0 1 0
2003298654 2 0 1 1
2003298738 3 0 1 1
2003298822 4 0 1 1
2003298906 5 0 1 1
2003307487 2 0 1 0
2003307571 3 0 1 0
2003307655 4 0 1 0
2003307739 5 0 1 0
2003310414 2 0 1 1
2003310498 3 0 1 1
2003310582 4 0 1 1
2003310666 5 0 1 1
2003319247 2 0 1 0
2003319331 3 0 1 0
2003319415 4 0 1 0
2003319499 5 0 1 0
2003322174 2 0 1 1
2003322258 3 0 1 1
2003322342 4 0 1 1
2003322426 5 0 1 1
2003331007 2 0 1 0
2003331091 3 0 1 0
2003331175 4 0 1 0
2003331259 5 0 1 0
2003333934 2 0 1 1
2003334018 3 0 1 1
2003334102 4 0 1 1
2003334186 5 0 1 1
2003342767 2 0 1 0
2003342851 3 0 1 0
2003342935 4 0 1 0
2003343019 5 0 1 0
2003345694 2 0 1 1
2003345778 3 0 1 1
2003345862 4 0 1 1
2003345946 5 0 1 1
2003354527 2 0 1 0
2003354611 3 0 1 0
2003354695 4 0 1 0
2003354779 5 0 1 0
2003357454 2 0 1 1
2003357538 3 0 1 1
2003357622 4 0 1 1
2003357706 5 0 1 1
2003366287 2 0 1 0
2003366371 3 0 1 0
2003366455 4 0 1 0
2003366539 5 0 1 0
2003369214 2 0 1 1
2003369298 3 0 1 1
2003369382 4 0 1 1
2003369466 5 0 1 1
2003378047 2 0 1 0
2003378131 3 0 1 0
2003378215 4 0 1 0
2003378299 5 0 1 0
2003380974 2 0 1 1
2003381058 3 0 1 1
2003381142 4 0 1 1
2003381226 5 0 1 1
2003389807 2 0 1 0
2003389891 3 0 1 0
2003389975 4 0 1 0
2003390059 5 0 1 0
2003392734 2 0 1 1
2003392818 3 0 1 1
2003392902 4 0 1 1
2003392986 5 0 1 1
2003401567 2 0 1 0
2003401651 3 0 1 0
2003401735 4 0 1 0
2003401819 5 0 1 0
2003404494 2 0 1 1
2003404578 3 0 1 1
2003404662 4 0 1 1
2003404746 5 0 1 1
2003413327 2 0 1 0
2003413411 3 0 1 0
2003413495 4 0 1 0
2003413579 5 0 1 0
2003416254 2 0 1 1
2003416338 3 0 1 1
2003416422 4 0 1 1
2003416506 5 0 1 1
2003425087 2 0 1 0
2003425171 3 0 1 0
2003425255 4 0 1 0
2003425339 5 0 1 0
2003428014 2 0 1 1
2003428098 3 0 1 1
2003428182 4 0 1 1
2003428266 5 0 1 1
2003436847 2 0 1 0
2003436931 3 0 1 0
2003437015 4 0 1 0
2003437099 5 0 1 0
2003439774 2 0 1 1
2003439858 3 0 1 1
2003439942 4 0 1 1
2003440026 5 0 1 1
2003448607 2 0 1 0
2003448691 3 0 1 0
2003448775 4 0 1 0
2003448859 5 0 1 0
2003451534 2 0 1 1
2003451618 3 0 1 1
2003451702 4 0 1 1
2003451786 5 0 1 1
2003460367 2 0 1 0
2003460451 3 0 1 0
2003460535 4 0 1 0
2003460619 5 0 1 0
2003463294 2 0 1 1
2003463378 3 0 1 1
2003463462 4 0 1 1
2003463546 5 0 1 1
2003472127 2 0 1 0
2003472211 3 0 1 0
2003472295 4 0 1 0
2003472379 5 0 1 0
2003475054 2 0 1 1
2003475138 3 0 1 1
2003475222 4 0 1 1
2003475306 5 0 1 1
2003483887 2 0 1 0
2003483971 3 0 1 0
2003484055 4 0 1 0
2003484139 5 0 1 0
2003486814 2 0 1 1
2003486898 3 0 1 1
2003486982 4 0 1 1
2003487066 5 0 1 1
2003495647 2 0 1 0
2003495731 3 0 1 0
2003495815 4 0 1 0
2003495899 5 0 1 0
2003498574 2 0 1 1
2003498658 3 0 1 1
2003498742 4 0 1 1
2003498826 5 0 1 1
2003507407 2 0 1 0
2003507491 3 0 1 0
2003507575 4 0 1 0
2003507659 5 0 1 0
2003510334 2 0 1 1
2003510418 3 0 1 1
2003510502 4 0 1 1
2003510586 5 0 1 1
2003519167 2 0 1 0
2003519251 3 0 1 0
2003519335 4 0 1 0
2003519419 5 0 1 0
2003522094 2 0 1 1
2003522178 3 0 1 1
2003522262 4 0 1 1
2003522346 5 0 1 1
2003530927 2 0 1 0
2003531011 3 0 1 0
2003531095 4 0 1 0
2003531179 5 0 1 0
2003533854 2 0 1 1
2003533938 3 0 1 1
2003534022 4 0 1 1
2003534106 5 0 1 1
2003542687 2 0 1 0
2003542771 3 0 1 0
2003542855 4 0 1 0
2003542939 5 0 1 0
2003545614 2 0 1 1
2003545698 3 0 1 1
2003545782 4 0 1 1
2003545866 5 0 1 1
2003554447 2 0 1 0
2003554531 3 0 1 0
2003554615 4 0 1 0
2003554699 5 0 1 0
2003557374 2 0 1 1
2003557458 3 0 1 1
2003557542 4 0 1 1
2003557626 5 0 1 1
2003566207 2 0 1 0
2003566291 3 0 1 0
2003566375 4 0 1 0
2003566459 5 0 1 0
2003569134 2 0 1 1
2003569218 3 0 1 1
2003569302 4 0 1 1
2003569386 5 0 1 1
2003577967 2 0 1 0
2003578051 3 0 1 0
2003578135 4 0 1 0
2003578219 5 0 1 0
2003580894 2 0 1 1
2003580978 3 0 1 1
2003581062 4 0 1 1
2003581146 5 0 1 1
2003589727 2 0 1 0
2003589811 3 0 1 0
2003589895 4 0 1 0
2003589979 5 0 1 0
2003592654 2 0 1 1
2003592738 3 0 1 1
2003592822 4 0 1 1
2003592906 5 0 1 1
2003601487 2 0 1 0
2003601571 3 0 1 0
2003601655 4 0 1 0
2003601739 5 0 1 0
2003604414 2 0 1 1
2003604498 3 0 1 1
2003604582 4 0 1 1
2003604666 5 0 1 1
2003613247 2 0 1 0
2003613331 3 0 1 0
2003613415 4 0 1 0
2003613499 5 0 1 0
2003616174 2 0 1 1
2003616258 3 0 1 1
2003616342 4 0 1 1
2003616426 5 0 1 1
2003625007 2 0 1 0
2003625091 3 0 1 0
2003625175 4 0 1 0
2003625259 5 0 1 0
2003627934 2 0 1 1
2003628018 3 0 1 1
2003628102 4 0 1 1
2003628186 5 0 1 1
2003636767 2 0 1 0
2003636851 3 0 1 0
2003636935 4 0 1 0
2003637019 5 0 1 0
2003639694 2 0 1 1
2003639778 3 0 1 1
2003639862 4 0 1 1
2003639946 5 0 1 1
2003648527 2 0 1 0
2003648611 3 0 1 0
2003648695 4 0 1 0
2003648779 5 0 1 0
2003651454 2 0 1 1
2003651538 3 0 1 1
2003651622 4 0 1 1
2003651706 5 0 1 1
2003660287 2 0 1 0
2003660371 3 0 1 0
2003660455 4 0 1 0
2003660539 5 0 1 0
2003663214 2 0 1 1
2003663298 3 0 1 1
2003663382 4 0 1 1
2003663466 5 0 1 1
2003672047 2 0 1 0
2003672131 3 0 1 0
2003672215 4 0 1 0
2003672299 5 0 1 0
2003674974 2 0 1 1
2003675058 3 0 1 1
2003675142 4 0 1 1
2003675226 5 0 1 1
2003683807 2 0 1 0
2003683891 3 0 1 0
2003683975 4 0 1 0
2003684059 5 0 1 0
2003686734 2 0 1 1
2003686818 3 0 1 1
2003686902 4 0 1 1
2003686986 5 0 1 1
2003695567 2 0 1 0
2003695651 3 0 1 0
2003695735 4 0 1 0
2003695819 5 0 1 0
2003698494 2 0 1 1
2003698578 3 0 1 1
2003698662 4 0 1 1
2003698746 5 0 1 1
2003707327 2 0 1 0
2003707411 3 0 1 0
2003707495 4 0 1 0
2003707579 5 0 1 0
2003710254 2 0 1 1
2003710338 3 0 1 1
2003710422 4 0 1 1
2003710506 5 0 1 1
2003719087 2 0 1 0
2003719171 3 0 1 0
2003719255 4 0 1 0
2003719339 5 0 1 0
2003722014 2 0 1 1
2003722098 3 0 1 1
2003722182 4 0 1 1
2003722266 5 0 1 1
2003730847 2 0 1 0
2003730931 3 0 1 0
2003731015 4 0 1 0
2003731099 5 0 1 0
2003733774 2 0 1 1
2003733858 3 0 1 1
2003733942 4 0 1 1
2003734026 5 0 1 1
2003742607 2 0 1 0
2003742691 3 0 1 0
2003742775 4 0 1 0
2003742859 5 0 1 0
2003745534 2 0 1 1
2003745618 3 0 1 1
2003745702 4 0 1 1
2003745786 5 0 1 1
2003752435 5 0 1 0
2003753023 2 0 1 0
2003755614 5 0 1 1
2003755627 3 0 1 0
2003755950 2 0 1 1
2003757223 4 0 1 0
2003758554 3 0 1 1
2003760318 4 0 1 1
2003766295 2 0 1 0
2003766463 3 0 1 0
2003767051 4 0 1 0
2003767219 5 0 1 0
2003769390 2 0 1 1
2003769642 3 0 1 1
2003769978 4 0 1 1
2003770146 5 0 1 1
2003778223 4 0 1 0
2003778307 3 0 1 0
2003778475 2 0 1 0
2003780071 5 0 1 0
2003781234 4 0 1 1
2003781318 3 0 1 1
2003781402 2 0 1 1
2003782914 5 0 1 1
2003790151 2 0 1 0
2003790655 4 0 1 0
2003790739 3 0 1 0
2003791243 5 0 1 0
2003793330 2 0 1 1
2003793582 4 0 1 1
2003793666 3 0 1 1
2003794086 5 0 1 1
2003802331 3 0 1 0
2003802583 4 0 1 0
2003802751 5 0 1 0
2003803171 2 0 1 0
2003805342 3 0 1 1
2003805594 4 0 1 1
2003805678 5 0 1 1
2003806098 2 0 1 1
2003814259 5 0 1 0
2003814511 4 0 1 0
2003814763 2 0 1 0
2003815015 3 0 1 0
2003817270 5 0 1 1
2003817522 4 0 1 1
2003817690 2 0 1 1
2003817942 3 0 1 1
2003826103 5 0 1 0
2003826355 2 0 1 0
2003826607 3 0 1 0
2003826859 4 0 1 0
2003829114 5 0 1 1
2003829366 2 0 1 1
2003829534 3 0 1 1
2003829786 4 0 1 1
2003838199 5 0 1 0
2003838367 3 0 1 0
2003838451 2 0 1 0
2003838619 4 0 1 0
2003841210 5 0 1 1
2003841294 3 0 1 1
2003841378 2 0 1 1
2003841546 4 0 1 1
2003850127 3 0 1 0
2003850211 2 0 1 0
2003850295 5 0 1 0
2003850379 4 0 1 0
2003853054 3 0 1 1
2003853138 2 0 1 1
2003853222 5 0 1 1
2003853306 4 0 1 1
2003861887 3 0 1 0
2003861971 2 0 1 0
2003862055 5 0 1 0
2003862139 4 0 1 0
2003864814 3 0 1 1
2003864898 2 0 1 1
2003864982 5 0 1 1
2003865066 4 0 1 1
2003873647 3 0 1 0
2003873731 2 0 1 0
2003873815 5 0 1 0
2003873899 4 0 1 0
2003876574 3 0 1 1
2003876658 2 0 1 1
2003876742 5 0 1 1
2003876826 4 0 1 1
2003885407 3 0 1 0
2003885491 2 0 1 0
2003885575 5 0 1 0
2003885659 4 0 1 0
2003888334 3 0 1 1
2003888418 2 0 1 1
2003888502 5 0 1 1
2003888586 4 0 1 1
2003897167 3 0 1 0
2003897251 2 0 1 0
2003897335 5 0 1 0
2003897419 4 0 1 0
2003900094 3 0 1 1
2003900178 2 0 1 1
2003900262 5 0 1 1
2003900346 4 0 1 1
2003908927 3 0 1 0
2003909011 2 0 1 0
2003909095 5 0 1 0
2003909179 4 0 1 0
2003911854 3 0 1 1
2003911938 2 0 1 1
2003912022 5 0 1 1
2003912106 4 0 1 1
2003920687 3 0 1 0
2003920771 2 0 1 0
2003920855 5 0 1 0
2003920939 4 0 1 0
2003923614 3 0 1 1
2003923698 2 0 1 1
2003923782 5 0 1 1
2003923866 4 0 1 1
2003932447 3 0 1 0
2003932531 2 0 1 0
2003932615 5 0 1 0
2003932699 4 0 1 0
2003935374 3 0 1 1
2003935458 2 0 1 1
2003935542 5 0 1 1
2003935626 4 0 1 1
2003944207 3 0 1 0
2003944291 2 0 1 0
2003944375 5 0 1 0
2003944459 4 0 1 0
2003947134 3 0 1 1
2003947218 2 0 1 1
2003947302 5 0 1 1
2003947386 4 0 1 1
2003955967 3 0 1 0
2003956051 2 0 1 0
2003956135 5 0 1 0
2003956219 4 0 1 0
2003958894 3 0 1 1
2003958978 2 0 1 1
2003959062 5 0 1 1
2003959146 4 0 1 1
2003967727 3 0 1 0
2003967811 2 0 1 0
2003967895 5 0 1 0
2003967979 4 0 1 0
2003970654 3 0 1 1
2003970738 2 0 1 1
2003970822 5 0 1 1
2003970906 4 0 1 1
2003979487 3 0 1 0
2003979571 2 0 1 0
2003979655 5 0 1 0
2003979739 4 0 1 0
2003982414 3 0 1 1
2003982498 2 0 1 1
2003982582 5 0 1 1
2003982666 4 0 1 1
2003991247 3 0 1 0
2003991331 2 0 1 0
2003991415 5 0 1 0
2003991499 4 0 1 0
2003994174 3 0 1 1
2003994258 2 0 1 1
2003994342 5 0 1 1
2003994426 4 0 1 1
2004003007 3 0 1 0
2004003091 2 0 1 0
2004003175 5 0 1 0
2004003259 4 0 1 0
2004005934 3 0 1 1
2004006018 2 0 1 1
2004006102 5 0 1 1
2004006186 4 0 1 1
2004014767 3 0 1 0
2004014851 2 0 1 0
2004014935 5 0 1 0
2004015019 4 0 1 0
2004017694 3 0 1 1
2004017778 2 0 1 1
2004017862 5 0 1 1
2004017946 4 0 1 1
2004026527 3 0 1 0
2004026611 2 0 1 0
2004026695 5 0 1 0
2004026779 4 0 1 0
2004029454 3 0 1 1
2004029538 2 0 1 1
2004029622 5 0 1 1
2004029706 4 0 1 1
2004038287 3 0 1 0
2004038371 2 0 1 0
2004038455 5 0 1 0
2004038539 4 0 1 0
2004041214 3 0 1 1
2004041298 2 0 1 1
2004041382 5 0 1 1
2004041466 4 0 1 1
2004050047 3 0 1 0
2004050131 2 0 1 0
2004050215 5 0 1 0
2004050299 4 0 1 0
2004052974 3 0 1 1
2004053058 2 0 1 1
2004053142 5 0 1 1
2004053226 4 0 1 1
2004061807 3 0 1 0
2004061891 2 0 1 0
2004061975 5 0 1 0
2004062059 4 0 1 0
2004064734 3 0 1 1
2004064818 2 0 1 1
2004064902 5 0 1 1
2004064986 4 0 1 1
2004073567 3 0 1 0
2004073651 2 0 1 0
2004073735 5 0 1 0
2004073819 4 0 1 0
2004076494 3 0 1 1
2004076578 2 0 1 1
2004076662 5 0 1 1
2004076746 4 0 1 1
2004085327 3 0 1 0
2004085411 2 0 1 0
2004085495 5 0 1 0
2004085579 4 0 1 0
2004088254 3 0 1 1
2004088338 2 0 1 1
2004088422 5 0 1 1
2004088506 4 0 1 1
2004097087 3 0 1 0
2004097171 2 0 1 0
2004097255 5 0 1 0
2004097339 4 0 1 0
2004100014 3 0 1 1
2004100098 2 0 1 1
2004100182 5 0 1 1
2004100266 4 0 1 1
2004108847 3 0 1 0
2004108931 2 0 1 0
2004109015 5 0 1 0
2004109099 4 0 1 0
2004111774 3 0 1 1
2004111858 2 0 1 1
2004111942 5 0 1 1
2004112026 4 0 1 1
2004120607 3 0 1 0
2004120691 2 0 1 0
2004120775 5 0 1 0
2004120859 4 0 1 0
2004123534 3 0 1 1
2004123618 2 0 1 1
2004123702 5 0 1 1
2004123786 4 0 1 1
2004132367 3 0 1 0
2004132451 2 0 1 0
2004132535 5 0 1 0
2004132619 4 0 1 0
2004135294 3 0 1 1
2004135378 2 0 1 1
2004135462 5 0 1 1
2004135546 4 0 1 1
2004144127 3 0 1 0
2004144211 2 0 1 0
2004144295 5 0 1 0
2004144379 4 0 1 0
2004147054 3 0 1 1
2004147138 2 0 1 1
2004147222 5 0 1 1
2004147306 4 0 1 1
2004155887 3 0 1 0
2004155971 2 0 1 0
2004156055 5 0 1 0
2004156139 4 0 1 0
2004158814 3 0 1 1
2004158898 2 0 1 1
2004158982 5 0 1 1
2004159066 4 0 1 1
2004167647 3 0 1 0
2004167731 2 0 1 0
2004167815 5 0 1 0
2004167899 4 0 1 0
2004170574 3 0 1 1
2004170658 2 0 1 1
2004170742 5 0 1 1
2004170826 4 0 1 1
2004179407 3 0 1 0
2004179491 2 0 1 0
2004179575 5 0 1 0
2004179659 4 0 1 0
2004182334 3 0 1 1
2004182418 2 0 1 1
2004182502 5 0 1 1
2004182586 4 0 1 1
2004191167 3 0 1 0
2004191251 2 0 1 0
2004191335 5 0 1 0
2004191419 4 0 1 0
2004194094 3 0 1 1
2004194178 2 0 1 1
2004194262 5 0 1 1
2004194346 4 0 1 1
2004202927 3 0 1 0
2004203011 2 0 1 0
2004203095 5 0 1 0
2004203179 4 0 1 0
2004205854 3 0 1 1
2004205938 2 0 1 1
2004206022 5 0 1 1
2004206106 4 0 1 1
2004214687 3 0 1 0
2004214771 2 0 1 0
2004214855 5 0 1 0
2004214939 4 0 1 0
2004217614 3 0 1 1
2004217698 2 0 1 1
2004217782 5 0 1 1
2004217866 4 0 1 1
2004226447 3 0 1 0
2004226531 2 0 1 0
2004226615 5 0 1 0
2004226699 4 0 1 0
2004229374 3 0 1 1
2004229458 2 0 1 1
2004229542 5 0 1 1
2004229626 4 0 1 1
2004238207 3 0 1 0
2004238291 2 0 1 0
2004238375 5 0 1 0
2004238459 4 0 1 0
2004241134 3 0 1 1
2004241218 2 0 1 1
2004241302 5 0 1 1
2004241386 4 0 1 1
2004249967 3 0 1 0
2004250051 2 0 1 0
2004250135 5 0 1 0
2004250219 4 0 1 0
2004252894 3 0 1 1
2004252978 2 0 1 1
2004253062 5 0 1 1
2004253146 4 0 1 1
2004261727 3 0 1 0
2004261811 2 0 1 0
2004261895 5 0 1 0
2004261979 4 0 1 0
2004264654 3 0 1 1
2004264738 2 0 1 1
2004264822 5 0 1 1
2004264906 4 0 1 1
2004273487 3 0 1 0
2004273571 2 0 1 0
2004273655 5 0 1 0
2004273739 4 0 1 0
2004276414 3 0 1 1
2004276498 2 0 1 1
2004276582 5 0 1 1
2004276666 4 0 1 1
2004285247 3 0 1 0
2004285331 2 0 1 0
2004285415 5 0 1 0
2004285499 4 0 1 0
2004288174 3 0 1 1
2004288258 2 0 1 1
2004288342 5 0 1 1
2004288426 4 0 1 1
2004297007 3 0 1 0
2004297091 2 0 1 0
2004297175 5 0 1 0
2004297259 4 0 1 0
2004299934 3 0 1 1
2004300018 2 0 1 1
2004300102 5 0 1 1
2004300186 4 0 1 1
2004308767 3 0 1 0
2004308851 2 0 1 0
2004308935 5 0 1 0
2004309019 4 0 1 0
2004311694 3 0 1 1
2004311778 2 0 1 1
2004311862 5 0 1 1
2004311946 4 0 1 1
2004320527 3 0 1 0
2004320611 2 0 1 0
2004320695 5 0 1 0
2004320779 4 0 1 0
2004323454 3 0 1 1
2004323538 2 0 1 1
2004323622 5 0 1 1
2004323706 4 0 1 1
2004332287 3 0 1 0
2004332371 2 0 1 0
2004332455 5 0 1 0
2004332539 4 0 1 0
2004335214 3 0 1 1
2004335298 2 0 1 1
2004335382 5 0 1 1
2004335466 4 0 1 1
2004344047 3 0 1 0
2004344131 2 0 1 0
2004344215 5 0 1 0
2004344299 4 0 1 0
2004346974 3 0 1 1
2004347058 2 0 1 1
2004347142 5 0 1 1
2004347226 4 0 1 1
2004355807 3 0 1 0
2004355891 2 0 1 0
2004355975 5 0 1 0
2004356059 4 0 1 0
2004358734 3 0 1 1
2004358818 2 0 1 1
2004358902 5 0 1 1
2004358986 4 0 1 1
2004367567 3 0 1 0
2004367651 2 0 1 0
2004367735 5 0 1 0
2004367819 4 0 1 0
2004370494 3 0 1 1
2004370578 2 0 1 1
2004370662 5 0 1 1
2004370746 4 0 1 1
2004379327 3 0 1 0
2004379411 2 0 1 0
2004379495 5 0 1 0
2004379579 4 0 1 0
2004382254 3 0 1 1
2004382338 2 0 1 1
2004382422 5 0 1 1
2004382506 4 0 1 1
2004391087 3 0 1 0
2004391171 2 0 1 0
2004391255 5 0 1 0
2004391339 4 0 1 0
2004394014 3 0 1 1
2004394098 2 0 1 1
2004394182 5 0 1 1
2004394266 4 0 1 1
2004402847 3 0 1 0
2004402931 2 0 1 0
2004403015 5 0 1 0
2004403099 4 0 1 0
2004405774 3 0 1 1
2004405858 2 0 1 1
2004405942 5 0 1 1
2004406026 4 0 1 1
2004414607 3 0 1 0
2004414691 2 0 1 0
2004414775 5 0 1 0
2004414859 4 0 1 0
2004417534 3 0 1 1
2004417618 2 0 1 1
2004417702 5 0 1 1
2004417786 4 0 1 1
2004426367 3 0 1 0
2004426451 2 0 1 0
2004426535 5 0 1 0
2004426619 4 0 1 0
2004429294 3 0 1 1
2004429378 2 0 1 1
2004429462 5 0 1 1
2004429546 4 0 1 1
2004438127 3 0 1 0
2004438211 2 0 1 0
2004438295 5 0 1 0
2004438379 4 0 1 0
2004441054 3 0 1 1
2004441138 2 0 1 1
2004441222 5 0 1 1
2004441306 4 0 1 1
2004449887 3 0 1 0
2004449971 2 0 1 0
2004450055 5 0 1 0
2004450139 4 0 1 0
2004452814 3 0 1 1
2004452898 2 0 1 1
2004452982 5 0 1 1
2004453066 4 0 1 1
2004461647 3 0 1 0
2004461731 2 0 1 0
2004461815 5 0 1 0
2004461899 4 0 1 0
2004464574 3 0 1 1
2004464658 2 0 1 1
2004464742 5 0 1 1
2004464826 4 0 1 1
2004473407 3 0 1 0
2004473491 2 0 1 0
2004473575 5 0 1 0
2004473659 4 0 1 0
2004476334 3 0 1 1
2004476418 2 0 1 1
2004476502 5 0 1 1
2004476586 4 0 1 1
2004485167 3 0 1 0
2004485251 2 0 1 0
2004485335 5 0 1 0
2004485419 4 0 1 0
2004488094 3 0 1 1
2004488178 2 0 1 1
2004488262 5 0 1 1
2004488346 4 0 1 1
2004496927 3 0 1 0
2004497011 2 0 1 0
2004497095 5 0 1 0
2004497179 4 0 1 0
2004499854 3 0 1 1
2004499938 2 0 1 1
2004500022 5 0 1 1
2004500106 4 0 1 1
2004508687 3 0 1 0
2004508771 2 0 1 0
2004508855 5 0 1 0
2004508939 4 0 1 0
2004511614 3 0 1 1
2004511698 2 0 1 1
2004511782 5 0 1 1
2004511866 4 0 1 1
2004520447 3 0 1 0
2004520531 2 0 1 0
2004520615 5 0 1 0
2004520699 4 0 1 0
2004523374 3 0 1 1
2004523458 2 0 1 1
2004523542 5 0 1 1
2004523626 4 0 1 1
2004532207 3 0 1 0
2004532291 2 0 1 0
2004532375 5 0 1 0
2004532459 4 0 1 0
2004535134 3 0 1 1
2004535218 2 0 1 1
2004535302 5 0 1 1
2004535386 4 0 1 1
2004543967 3 0 1 0
2004544051 2 0 1 0
2004544135 5 0 1 0
2004544219 4 0 1 0
2004546894 3 0 1 1
2004546978 2 0 1 1
2004547062 5 0 1 1
2004547146 4 0 1 1
2004555727 3 0 1 0
2004555811 2 0 1 0
2004555895 5 0 1 0
2004555979 4 0 1 0
2004558654 3 0 1 1
2004558738 2 0 1 1
2004558822 5 0 1 1
2004558906 4 0 1 1
2004567487 3 0 1 0
2004567571 2 0 1 0
2004567655 5 0 1 0
2004567739 4 0 1 0
2004570414 3 0 1 1
2004570498 2 0 1 1
2004570582 5 0 1 1
2004570666 4 0 1 1
2004575719 5 0 1 0
2004576979 2 0 1 0
2004579738 5 0 1 1
2004580494 2 0 1 1
2004581011 3 0 1 0
2004583783 4 0 1 0
2004584694 3 0 1 1
2004587886 4 0 1 1
2004592855 2 0 1 0
2004593443 3 0 1 0
2004595950 2 0 1 1
2004596370 3 0 1 1
2004596467 5 0 1 0
2004596551 4 0 1 0
2004599310 5 0 1 1
2004600066 4 0 1 1
2004604279 3 0 1 0
2004605203 2 0 1 0
2004607458 3 0 1 1
2004608130 2 0 1 1
2004608815 5 0 1 0
2004610159 4 0 1 0
2004611826 5 0 1 1
2004613254 4 0 1 1
2004616543 2 0 1 0
2004618391 3 0 1 0
2004619722 2 0 1 1
2004620743 5 0 1 0
2004621654 3 0 1 1
2004622255 4 0 1 0
2004624174 5 0 1 1
2004625266 4 0 1 1
2004630487 3 0 1 0
2004631915 2 0 1 0
2004633246 3 0 1 1
2004633259 5 0 1 0
2004633847 4 0 1 0
2004635430 2 0 1 1
2004636606 5 0 1 1
2004636774 4 0 1 1
2004644095 3 0 1 0
2004644683 2 0 1 0
2004645523 5 0 1 0
2004646699 4 0 1 0
2004647442 3 0 1 1
2004647862 2 0 1 1
2004648534 5 0 1 1
2004649374 4 0 1 1
2004656611 3 0 1 0
2004657031 4 0 1 0
2004657451 2 0 1 0
2004657619 5 0 1 0
2004659790 3 0 1 1
2004659874 4 0 1 1
2004660378 2 0 1 1
2004660462 5 0 1 1
2004668791 4 0 1 0
2004668959 3 0 1 0
2004669043 2 0 1 0
2004669547 5 0 1 0
2004671802 4 0 1 1
2004671970 2 0 1 1
2004671970 3 0 1 1
2004672390 5 0 1 1
2004680635 4 0 1 0
2004680803 2 0 1 0
2004680887 3 0 1 0
2004681307 5 0 1 0
2004683562 4 0 1 1
2004683730 2 0 1 1
2004683814 3 0 1 1
2004684234 5 0 1 1
2004692395 4 0 1 0
2004692563 2 0 1 0
2004692647 3 0 1 0
2004693067 5 0 1 0
2004695322 4 0 1 1
2004695490 2 0 1 1
2004695574 3 0 1 1
2004695994 5 0 1 1
2004704155 4 0 1 0
2004704323 2 0 1 0
2004704407 3 0 1 0
2004704827 5 0 1 0
2004707082 4 0 1 1
2004707250 2 0 1 1
2004707334 3 0 1 1
2004707754 5 0 1 1
2004715915 4 0 1 0
2004716083 2 0 1 0
2004716167 3 0 1 0
2004716587 5 0 1 0
2004718842 4 0 1 1
2004719010 2 0 1 1
2004719094 3 0 1 1
2004719514 5 0 1 1
2004727675 4 0 1 0
2004727843 2 0 1 0
2004727927 3 0 1 0
2004728347 5 0 1 0
2004730602 4 0 1 1
2004730770 2 0 1 1
2004730854 3 0 1 1
2004731274 5 0 1 1
2004739435 4 0 1 0
2004739603 2 0 1 0
2004739687 3 0 1 0
2004740107 5 0 1 0
2004742362 4 0 1 1
2004742530 2 0 1 1
2004742614 3 0 1 1
2004743034 5 0 1 1
2004751195 4 0 1 0
2004751363 2 0 1 0
2004751447 3 0 1 0
2004751867 5 0 1 0
2004754122 4 0 1 1
2004754290 2 0 1 1
2004754374 3 0 1 1
2004754794 5 0 1 1
2004762955 4 0 1 0
2004763123 2 0 1 0
2004763207 3 0 1 0
2004763627 5 0 1 0
2004765882 4 0 1 1
2004766050 2 0 1 1
2004766134 3 0 1 1
2004766554 5 0 1 1
2004774715 4 0 1 0
2004774883 2 0 1 0
2004774967 3 0 1 0
2004775387 5 0 1 0
2004777642 4 0 1 1
2004777810 2 0 1 1
2004777894 3 0 1 1
2004778314 5 0 1 1
2004786475 4 0 1 0
2004786643 2 0 1 0
2004786727 3 0 1 0
2004787147 5 0 1 0
2004789402 4 0 1 1
2004789570 2 0 1 1
2004789654 3 0 1 1
2004790074 5 0 1 1
2004798235 4 0 1 0
2004798403 2 0 1 0
2004798487 3 0 1 0
2004798907 5 0 1 0
2004801162 4 0 1 1
2004801330 2 0 1 1
2004801414 3 0 1 1
2004801834 5 0 1 1
2004809995 4 0 1 0
2004810163 2 0 1 0
2004810247 3 0 1 0
2004810667 5 0 1 0
2004812922 4 0 1 1
2004813090 2 0 1 1
2004813174 3 0 1 1
2004813594 5 0 1 1
2004821755 4 0 1 0
2004821923 2 0 1 0
2004822007 3 0 1 0
2004822427 5 0 1 0
2004824682 4 0 1 1
2004824850 2 0 1 1
2004824934 3 0 1 1
2004825354 5 0 1 1
2004833515 4 0 1 0
2004833683 2 0 1 0
2004833767 3 0 1 0
2004834187 5 0 1 0
2004836442 4 0 1 1
2004836610 2 0 1 1
2004836694 3 0 1 1
2004837114 5 0 1 1
2004845275 4 0 1 0
2004845443 2 0 1 0
2004845527 3 0 1 0
2004845947 5 0 1 0
2004848202 4 0 1 1
2004848370 2 0 1 1
2004848454 3 0 1 1
2004848874 5 0 1 1
2004857035 4 0 1 0
2004857203 2 0 1 0
2004857287 3 0 1 0
2004857707 5 0 1 0
2004859962 4 0 1 1
2004860130 2 0 1 1
2004860214 3 0 1 1
2004860634 5 0 1 1
2004868795 4 0 1 0
2004868963 2 0 1 0
2004869047 3 0 1 0
2004869467 5 0 1 0
2004871722 4 0 1 1
2004871890 2 0 1 1
2004871974 3 0 1 1
2004872394 5 0 1 1
2004880555 4 0 1 0
2004880723 2 0 1 0
2004880807 3 0 1 0
2004881227 5 0 1 0
2004883482 4 0 1 1
2004883650 2 0 1 1
2004883734 3 0 1 1
2004884154 5 0 1 1
2004892315 4 0 1 0
2004892483 2 0 1 0
2004892567 3 0 1 0
2004892987 5 0 1 0
2004895242 4 0 1 1
2004895410 2 0 1 1
2004895494 3 0 1 1
2004895914 5 0 1 1
2004904075 4 0 1 0
2004904243 2 0 1 0
2004904327 3 0 1 0
2004904747 5 0 1 0
2004907002 4 0 1 1
2004907170 2 0 1 1
2004907254 3 0 1 1
2004907674 5 0 1 1
2004915835 4 0 1 0
2004916003 2 0 1 0
2004916087 3 0 1 0
2004916507 5 0 1 0
2004918762 4 0 1 1
2004918930 2 0 1 1
2004919014 3 0 1 1
2004919434 5 0 1 1
2004927595 4 0 1 0
2004927763 2 0 1 0
2004927847 3 0 1 0
2004928267 5 0 1 0
2004930522 4 0 1 1
2004930690 2 0 1 1
2004930774 3 0 1 1
2004931194 5 0 1 1
2004939355 4 0 1 0
2004939523 2 0 1 0
2004939607 3 0 1 0
2004940027 5 0 1 0
2004942282 4 0 1 1
2004942450 2 0 1 1
2004942534 3 0 1 1
2004942954 5 0 1 1
2004951115 4 0 1 0
2004951283 2 0 1 0
2004951367 3 0 1 0
2004951787 5 0 1 0
2004954042 4 0 1 1
2004954210 2 0 1 1
2004954294 3 0 1 1
2004954714 5 0 1 1
2004962875 4 0 1 0
2004963043 2 0 1 0
2004963127 3 0 1 0
2004963547 5 0 1 0
2004965802 4 0 1 1
2004965970 2 0 1 1
2004966054 3 0 1 1
2004966474 5 0 1 1
2004974635 4 0 1 0
2004974803 2 0 1 0
2004974887 3 0 1 0
2004975307 5 0 1 0
2004977562 4 0 1 1
2004977730 2 0 1 1
2004977814 3 0 1 1
2004978234 5 0 1 1
2004986395 4 0 1 0
2004986563 2 0 1 0
2004986647 3 0 1 0
2004987067 5 0 1 0
2004989322 4 0 1 1
2004989490 2 0 1 1
2004989574 3 0 1 1
2004989994 5 0 1 1
2004998155 4 0 1 0
2004998323 2 0 1 0
2004998407 3 0 1 0
2004998827 5 0 1 0
2005001082 4 0 1 1
2005001250 2 0 1 1
2005001334 3 0 1 1
2005001754 5 0 1 1
2005009915 4 0 1 0
2005010083 2 0 1 0
2005010167 3 0 1 0
2005010587 5 0 1 0
2005012842 4 0 1 1
2005013010 2 0 1 1
2005013094 3 0 1 1
2005013514 5 0 1 1
2005021675 4 0 1 0
2005021843 2 0 1 0
2005021927 3 0 1 0
2005022347 5 0 1 0
2005024602 4 0 1 1
2005024770 2 0 1 1
2005024854 3 0 1 1
2005025274 5 0 1 1
2005033435 4 0 1 0
2005033603 2 0 1 0
2005033687 3 0 1 0
2005034107 5 0 1 0
2005036362 4 0 1 1
2005036530 2 0 1 1
2005036614 3 0 1 1
2005037034 5 0 1 1
2005045195 4 0 1 0
2005045363 2 0 1 0
2005045447 3 0 1 0
2005045867 5 0 1 0
2005048122 4 0 1 1
2005048290 2 0 1 1
2005048374 3 0 1 1
2005048794 5 0 1 1
2005056955 4 0 1 0
2005057123 2 0 1 0
2005057207 3 0 1 0
2005057627 5 0 1 0
2005059882 4 0 1 1
2005060050 2 0 1 1
2005060134 3 0 1 1
2005060554 5 0 1 1
2005068715 4 0 1 0
2005068883 2 0 1 0
2005068967 3 0 1 0
2005069387 5 0 1 0
2005071642 4 0 1 1
2005071810 2 0 1 1
2005071894 3 0 1 1
2005072314 5 0 1 1
2005080475 4 0 1 0
2005080643 2 0 1 0
2005080727 3 0 1 0
2005081147 5 0 1 0
2005083402 4 0 1 1
2005083570 2 0 1 1
2005083654 3 0 1 1
2005084074 5 0 1 1
2005092235 4 0 1 0
2005092403 2 0 1 0
2005092487 3 0 1 0
2005092907 5 0 1 0
2005095162 4 0 1 1
2005095330 2 0 1 1
2005095414 3 0 1 1
2005095834 5 0 1 1
2005103995 4 0 1 0
2005104163 2 0 1 0
2005104247 3 0 1 0
2005104667 5 0 1 0
2005106922 4 0 1 1
2005107090 2 0 1 1
2005107174 3 0 1 1
2005107594 5 0 1 1
2005115755 4 0 1 0
2005115923 2 0 1 0
2005116007 3 0 1 0
2005116427 5 0 1 0
2005118682 4 0 1 1
2005118850 2 0 1 1
2005118934 3 0 1 1
2005119354 5 0 1 1
2005127515 4 0 1 0
2005127683 2 0 1 0
2005127767 3 0 1 0
2005128187 5 0 1 0
2005130442 4 0 1 1
2005130610 2 0 1 1
2005130694 3 0 1 1
2005131114 5 0 1 1
2005139275 4 0 1 0
2005139443 2 0 1 0
2005139527 3 0 1 0
2005139947 5 0 1 0
2005142202 4 0 1 1
2005142370 2 0 1 1
2005142454 3 0 1 1
2005142874 5 0 1 1
2005151035 4 0 1 0
2005151203 2 0 1 0
2005151287 3 0 1 0
2005151707 5 0 1 0
2005153962 4 0 1 1
2005154130 2 0 1 1
2005154214 3 0 1 1
2005154634 5 0 1 1
2005162795 4 0 1 0
2005162963 2 0 1 0
2005163047 3 0 1 0
2005163467 5 0 1 0
2005165722 4 0 1 1
2005165890 2 0 1 1
2005165974 3 0 1 1
2005166394 5 0 1 1
2005174555 4 0 1 0
2005174723 2 0 1 0
2005174807 3 0 1 0
2005175227 5 0 1 0
2005177482 4 0 1 1
2005177650 2 0 1 1
2005177734 3 0 1 1
2005178154 5 0 1 1
2005186315 4 0 1 0
2005186483 2 0 1 0
2005186567 3 0 1 0
2005186987 5 0 1 0
2005189242 4 0 1 1
2005189410 2 0 1 1
2005189494 3 0 1 1
2005189914 5 0 1 1
2005198075 4 0 1 0
2005198243 2 0 1 0
2005198327 3 0 1 0
2005198747 5 0 1 0
2005201002 4 0 1 1
2005201170 2 0 1 1
2005201254 3 0 1 1
2005201674 5 0 1 1
2005209835 4 0 1 0
2005210003 2 0 1 0
2005210087 3 0 1 0
2005210507 5 0 1 0
2005212762 4 0 1 1
2005212930 2 0 1 1
2005213014 3 0 1 1
2005213434 5 0 1 1
2005221595 4 0 1 0
2005221763 2 0 1 0
2005221847 3 0 1 0
2005222267 5 0 1 0
2005224522 4 0 1 1
2005224690 2 0 1 1
2005224774 3 0 1 1
2005225194 5 0 1 1
2005233355 4 0 1 0
2005233523 2 0 1 0
2005233607 3 0 1 0
2005234027 5 0 1 0
2005236282 4 0 1 1
2005236450 2 0 1 1
2005236534 3 0 1 1
2005236954 5 0 1 1
2005245115 4 0 1 0
2005245283 2 0 1 0
2005245367 3 0 1 0
2005245787 5 0 1 0
2005248042 4 0 1 1
2005248210 2 0 1 1
2005248294 3 0 1 1
2005248714 5 0 1 1
2005256875 4 0 1 0
2005257043 2 0 1 0
2005257127 3 0 1 0
2005257547 5 0 1 0
2005259802 4 0 1 1
2005259970 2 0 1 1
2005260054 3 0 1 1
2005260474 5 0 1 1
2005268635 4 0 1 0
2005268803 2 0 1 0
2005268887 3 0 1 0
2005269307 5 0 1 0
2005271562 4 0 1 1
2005271730 2 0 1 1
2005271814 3 0 1 1
2005272234 5 0 1 1
2005280395 4 0 1 0
2005280563 2 0 1 0
2005280647 3 0 1 0
2005281067 5 0 1 0
2005283322 4 0 1 1
2005283490 2 0 1 1
2005283574 3 0 1 1
2005283994 5 0 1 1
2005292155 4 0 1 0
2005292323 2 0 1 0
2005292407 3 0 1 0
2005292827 5 0 1 0
2005295082 4 0 1 1
2005295250 2 0 1 1
2005295334 3 0 1 1
2005295754 5 0 1 1
2005303915 4 0 1 0
2005304083 2 0 1 0
2005304167 3 0 1 0
2005304587 5 0 1 0
2005306842 4 0 1 1
2005307010 2 0 1 1
2005307094 3 0 1 1
2005307514 5 0 1 1
2005315675 4 0 1 0
2005315843 2 0 1 0
2005315927 3 0 1 0
2005316347 5 0 1 0
2005318602 4 0 1 1
2005318770 2 0 1 1
2005318854 3 0 1 1
2005319274 5 0 1 1
2005327435 4 0 1 0
2005327603 2 0 1 0
2005327687 3 0 1 0
2005328107 5 0 1 0
2005330362 4 0 1 1
2005330530 2 0 1 1
2005330614 3 0 1 1
2005331034 5 0 1 1
2005339195 4 0 1 0
2005339363 2 0 1 0
2005339447 3 0 1 0
2005339867 5 0 1 0
2005342122 4 0 1 1
2005342290 2 0 1 1
2005342374 3 0 1 1
2005342794 5 0 1 1
2005350955 4 0 1 0
2005351123 2 0 1 0
2005351207 3 0 1 0
2005351627 5 0 1 0
2005353882 4 0 1 1
2005354050 2 0 1 1
2005354134 3 0 1 1
2005354554 5 0 1 1
2005362715 4 0 1 0
2005362883 2 0 1 0
2005362967 3 0 1 0
2005363387 5 0 1 0
2005365642 4 0 1 1
2005365810 2 0 1 1
2005365894 3 0 1 1
2005366314 5 0 1 1
2005374475 4 0 1 0
2005374643 2 0 1 0
2005374727 3 0 1 0
2005375147 5 0 1 0
2005377402 4 0 1 1
2005377570 2 0 1 1
2005377654 3 0 1 1
2005378074 5 0 1 1
2005386235 4 0 1 0
2005386403 2 0 1 0
2005386487 3 0 1 0
2005386907 5 0 1 0
2005389162 4 0 1 1
2005389330 2 0 1 1
2005389414 3 0 1 1
2005389834 5 0 1 1
2005397995 4 0 1 0
2005398163 5 0 1 0
2005399339 2 0 1 0
2005400502 4 0 1 1
2005403610 5 0 1 1
2005403694 2 0 1 1
2005405807 3 0 1 0
2005411590 3 0 1 1
2005411855 4 0 1 0
2005414459 2 0 1 0
2005415790 4 0 1 1
2005418575 3 0 1 0
2005418646 2 0 1 1
2005421502 3 0 1 1
2005422691 5 0 1 0
2005424119 4 0 1 0
2005426290 5 0 1 1
2005427550 4 0 1 1
2005429579 3 0 1 0
2005430671 2 0 1 0
2005432842 3 0 1 1
2005433850 2 0 1 1
2005435459 5 0 1 0
2005437223 4 0 1 0
2005438470 5 0 1 1
2005440318 4 0 1 1
2005440919 2 0 1 0
2005443607 3 0 1 0
2005444098 2 0 1 1
2005446786 3 0 1 1
2005447891 5 0 1 0
2005450159 4 0 1 0
2005451322 5 0 1 1
2005453170 4 0 1 1
2005454275 3 0 1 0
2005457034 3 0 1 1
2005457551 2 0 1 0
2005460982 2 0 1 1
2005461583 5 0 1 0
2005462339 4 0 1 0
2005464846 5 0 1 1
2005465266 4 0 1 1
2005468639 3 0 1 0
2005469983 2 0 1 0
2005471902 3 0 1 1
2005472910 2 0 1 1
2005473595 5 0 1 0
2005475443 4 0 1 0
2005476690 5 0 1 1
2005479042 4 0 1 1
2005482667 3 0 1 0
2005484515 2 0 1 0
2005485846 3 0 1 1
2005486699 5 0 1 0
2005487862 2 0 1 1
2005488295 4 0 1 0
2005489542 5 0 1 1
2005491390 4 0 1 1
2005496191 3 0 1 0
2005496779 2 0 1 0
2005498375 5 0 1 0
2005499370 3 0 1 1
2005499706 2 0 1 1
2005500391 4 0 1 0
2005501134 5 0 1 1
2005503402 4 0 1 1
2005508707 3 0 1 0
2005508791 2 0 1 0
2005509967 5 0 1 0
2005511634 3 0 1 1
2005511802 2 0 1 1
2005512403 4 0 1 0
2005512894 5 0 1 1
2005515414 4 0 1 1
2005520551 2 0 1 0
2005520803 3 0 1 0
2005521727 5 0 1 0
2005523478 2 0 1 1
2005523898 3 0 1 1
2005524654 5 0 1 1
2005524667 4 0 1 0
2005527678 4 0 1 1
2005532647 2 0 1 0
2005532899 3 0 1 0
2005533487 5 0 1 0
2005535742 2 0 1 1
2005535910 3 0 1 1
2005536414 5 0 1 1
2005536763 4 0 1 0
2005539774 4 0 1 1
2005544743 2 0 1 0
2005544995 3 0 1 0
2005545247 5 0 1 0
2005547754 2 0 1 1
2005547922 3 0 1 1
2005548174 5 0 1 1
2005548859 4 0 1 0
2005551870 4 0 1 1
2005556755 3 0 1 0
2005556839 2 0 1 0
2005557007 5 0 1 0
2005559682 3 0 1 1
2005559766 2 0 1 1
2005559934 5 0 1 1
2005560955 4 0 1 0
2005563966 4 0 1 1
2005568515 3 0 1 0
2005568599 2 0 1 0
2005568767 5 0 1 0
2005571442 3 0 1 1
2005571526 2 0 1 1
2005571694 5 0 1 1
2005573051 4 0 1 0
2005576062 4 0 1 1
2005580275 3 0 1 0
2005580359 2 0 1 0
2005580527 5 0 1 0
2005583202 3 0 1 1
2005583286 2 0 1 1
2005583454 5 0 1 1
2005585147 4 0 1 0
2005588158 4 0 1 1
2005592035 3 0 1 0
2005592119 2 0 1 0
2005592287 5 0 1 0
2005594962 3 0 1 1
2005595046 2 0 1 1
2005595214 5 0 1 1
2005597243 4 0 1 0
2005600254 4 0 1 1
2005603795 3 0 1 0
2005603879 2 0 1 0
2005604047 5 0 1 0
2005606722 3 0 1 1
2005606806 2 0 1 1
2005606974 5 0 1 1
2005609339 4 0 1 0
2005612350 4 0 1 1
2005615555 3 0 1 0
2005615639 2 0 1 0
2005615807 5 0 1 0
2005618482 3 0 1 1
2005618566 2 0 1 1
2005618734 5 0 1 1
2005621435 4 0 1 0
2005624446 4 0 1 1
2005627315 3 0 1 0
2005627399 2 0 1 0
2005627567 5 0 1 0
2005630242 3 0 1 1
2005630326 2 0 1 1
2005630494 5 0 1 1
2005633531 4 0 1 0
2005636542 4 0 1 1
2005639075 3 0 1 0
2005639159 2 0 1 0
2005639327 5 0 1 0
2005642002 3 0 1 1
2005642086 2 0 1 1
2005642254 5 0 1 1
2005645627 4 0 1 0
2005648638 4 0 1 1
2005650835 3 0 1 0
2005650919 2 0 1 0
2005651087 5 0 1 0
2005653762 3 0 1 1
2005653846 2 0 1 1
2005654014 5 0 1 1
2005657723 4 0 1 0
2005660734 4 0 1 1
2005662595 3 0 1 0
2005662679 2 0 1 0
2005662847 5 0 1 0
2005665522 3 0 1 1
2005665606 2 0 1 1
2005665774 5 0 1 1
2005669819 4 0 1 0
2005672830 4 0 1 1
2005674355 3 0 1 0
2005674439 2 0 1 0
2005674607 5 0 1 0
2005677282 3 0 1 1
2005677366 2 0 1 1
2005677534 5 0 1 1
2005681915 4 0 1 0
2005684926 4 0 1 1
2005686115 3 0 1 0
2005686199 2 0 1 0
2005686367 5 0 1 0
2005689042 3 0 1 1
2005689126 2 0 1 1
2005689294 5 0 1 1
2005694011 4 0 1 0
2005697022 4 0 1 1
2005697875 3 0 1 0
2005697959 2 0 1 0
2005698127 5 0 1 0
2005700802 3 0 1 1
2005700886 2 0 1 1
2005701054 5 0 1 1
2005706107 4 0 1 0
2005709118 4 0 1 1
2005709635 3 0 1 0
2005709719 2 0 1 0
2005709887 5 0 1 0
2005712562 3 0 1 1
2005712646 2 0 1 1
2005712814 5 0 1 1
2005718203 4 0 1 0
2005721214 4 0 1 1
2005721395 3 0 1 0
2005721479 2 0 1 0
2005721647 5 0 1 0
2005724322 3 0 1 1
2005724406 2 0 1 1
2005724574 5 0 1 1
2005730299 4 0 1 0
2005733155 3 0 1 0
2005733239 2 0 1 0
2005733407 5 0 1 0
2005733478 4 0 1 1
2005736082 3 0 1 1
2005736166 2 0 1 1
2005736334 5 0 1 1
2005743067 4 0 1 0
2005744831 5 0 1 0
2005744915 3 0 1 0
2005744999 2 0 1 0
2005746162 4 0 1 1
2005747758 5 0 1 1
2005747842 3 0 1 1
2005747926 2 0 1 1
2005755499 4 0 1 0
2005756675 3 0 1 0
2005756759 2 0 1 0
2005756927 5 0 1 0
2005758762 4 0 1 1
2005759602 3 0 1 1
2005759686 2 0 1 1
2005759854 5 0 1 1
2005768267 4 0 1 0
2005768435 3 0 1 0
2005768519 2 0 1 0
2005768687 5 0 1 0
2005771278 4 0 1 1
2005771362 3 0 1 1
2005771446 2 0 1 1
2005771614 5 0 1 1
2005780195 3 0 1 0
2005780279 2 0 1 0
2005780363 4 0 1 0
2005780447 5 0 1 0
2005783122 3 0 1 1
2005783206 2 0 1 1
2005783290 4 0 1 1
2005783374 5 0 1 1
2005791955 3 0 1 0
2005792039 2 0 1 0
2005792123 4 0 1 0
2005792207 5 0 1 0
2005794882 3 0 1 1
2005794966 2 0 1 1
2005795050 4 0 1 1
2005795134 5 0 1 1
2005803715 3 0 1 0
2005803799 2 0 1 0
2005803883 4 0 1 0
2005803967 5 0 1 0
2005806642 3 0 1 1
2005806726 2 0 1 1
2005806810 4 0 1 1
2005806894 5 0 1 1
2005815475 3 0 1 0
2005815559 2 0 1 0
2005815643 4 0 1 0
2005815727 5 0 1 0
2005818402 3 0 1 1
2005818486 2 0 1 1
2005818570 4 0 1 1
2005818654 5 0 1 1
2005827235 3 0 1 0
2005827319 2 0 1 0
2005827403 4 0 1 0
2005827487 5 0 1 0
2005830162 3 0 1 1
2005830246 2 0 1 1
2005830330 4 0 1 1
2005830414 5 0 1 1
2005838995 3 0 1 0
2005839079 2 0 1 0
2005839163 4 0 1 0
2005839247 5 0 1 0
2005841922 3 0 1 1
2005842006 2 0 1 1
2005842090 4 0 1 1
2005842174 5 0 1 1
2005850755 3 0 1 0
2005850839 2 0 1 0
2005850923 4 0 1 0
2005851007 5 0 1 0
2005853682 3 0 1 1
2005853766 2 0 1 1
2005853850 4 0 1 1
2005853934 5 0 1 1
2005862515 3 0 1 0
2005862599 2 0 1 0
2005862683 4 0 1 0
2005862767 5 0 1 0
2005865442 3 0 1 1
2005865526 2 0 1 1
2005865610 4 0 1 1
2005865694 5 0 1 1
2005874275 3 0 1 0
2005874359 2 0 1 0
2005874443 4 0 1 0
2005874527 5 0 1 0
2005877202 3 0 1 1
2005877286 2 0 1 1
2005877370 4 0 1 1
2005877454 5 0 1 1
2005886035 3 0 1 0
2005886119 2 0 1 0
2005886203 4 0 1 0
2005886287 5 0 1 0
2005888962 3 0 1 1
2005889046 2 0 1 1
2005889130 4 0 1 1
2005889214 5 0 1 1
2005897795 3 0 1 0
2005897879 2 0 1 0
2005897963 4 0 1 0
2005898047 5 0 1 0
2005900722 3 0 1 1
2005900806 2 0 1 1
2005900890 4 0 1 1
2005900974 5 0 1 1
2005909555 3 0 1 0
2005909639 2 0 1 0
2005909723 4 0 1 0
2005909807 5 0 1 0
2005912482 3 0 1 1
2005912566 2 0 1 1
2005912650 4 0 1 1
2005912734 5 0 1 1
2005921315 3 0 1 0
2005921399 2 0 1 0
2005921483 4 0 1 0
2005921567 5 0 1 0
2005924242 3 0 1 1
2005924326 2 0 1 1
2005924410 4 0 1 1
2005924494 5 0 1 1
2005933075 3 0 1 0
2005933159 2 0 1 0
2005933243 4 0 1 0
2005933327 5 0 1 0
2005936002 3 0 1 1
2005936086 2 0 1 1
2005936170 4 0 1 1
2005936254 5 0 1 1
2005944835 3 0 1 0
2005944919 2 0 1 0
2005945003 4 0 1 0
2005945087 5 0 1 0
2005947762 3 0 1 1
2005947846 2 0 1 1
2005947930 4 0 1 1
2005948014 5 0 1 1
2005956595 3 0 1 0
2005956679 2 0 1 0
2005956763 4 0 1 0
2005956847 5 0 1 0
2005959522 3 0 1 1
2005959606 2 0 1 1
2005959690 4 0 1 1
2005959774 5 0 1 1
2005968355 3 0 1 0
2005968439 2 0 1 0
2005968523 4 0 1 0
2005968607 5 0 1 0
2005971282 3 0 1 1
2005971366 2 0 1 1
2005971450 4 0 1 1
2005971534 5 0 1 1
2005980115 3 0 1 0
2005980199 2 0 1 0
2005980283 4 0 1 0
2005980367 5 0 1 0
2005983042 3 0 1 1
2005983126 2 0 1 1
2005983210 4 0 1 1
2005983294 5 0 1 1
2005991875 3 0 1 0
2005991959 2 0 1 0
2005992043 4 0 1 0
2005992127 5 0 1 0
2005994802 3 0 1 1
2005994886 2 0 1 1
2005994970 4 0 1 1
2005995054 5 0 1 1
2006003635 3 0 1 0
2006003719 2 0 1 0
2006003803 4 0 1 0
2006003887 5 0 1 0
2006006562 3 0 1 1
2006006646 2 0 1 1
2006006730 4 0 1 1
2006006814 5 0 1 1
2006015395 3 0 1 0
2006015479 2 0 1 0
2006015563 4 0 1 0
2006015647 5 0 1 0
2006018322 3 0 1 1
2006018406 2 0 1 1
2006018490 4 0 1 1
2006018574 5 0 1 1
2006027155 3 0 1 0
2006027239 2 0 1 0
2006027323 4 0 1 0
2006027407 5 0 1 0
2006030082 3 0 1 1
2006030166 2 0 1 1
2006030250 4 0 1 1
2006030334 5 0 1 1
2006038915 3 0 1 0
2006038999 2 0 1 0
2006039083 4 0 1 0
2006039167 5 0 1 0
2006041842 3 0 1 1
2006041926 2 0 1 1
2006042010 4 0 1 1
2006042094 5 0 1 1
2006050675 3 0 1 0
2006050759 2 0 1 0
2006050843 4 0 1 0
2006050927 5 0 1 0
2006053602 3 0 1 1
2006053686 2 0 1 1
2006053770 4 0 1 1
2006053854 5 0 1 1
2006062435 3 0 1 0
2006062519 2 0 1 0
2006062603 4 0 1 0
2006062687 5 0 1 0
2006065362 3 0 1 1
2006065446 2 0 1 1
2006065530 4 0 1 1
2006065614 5 0 1 1
2006074195 3 0 1 0
2006074279 2 0 1 0
2006074363 4 0 1 0
2006074447 5 0 1 0
2006077122 3 0 1 1
2006077206 2 0 1 1
2006077290 4 0 1 1
2006077374 5 0 1 1
2006085955 3 0 1 0
2006086039 2 0 1 0
2006086123 4 0 1 0
2006086207 5 0 1 0
2006088882 3 0 1 1
2006088966 2 0 1 1
2006089050 4 0 1 1
2006089134 5 0 1 1
2006097715 3 0 1 0
2006097799 2 0 1 0
2006097883 4 0 1 0
2006097967 5 0 1 0
2006100642 3 0 1 1
2006100726 2 0 1 1
2006100810 4 0 1 1
2006100894 5 0 1 1
2006109475 3 0 1 0
2006109559 2 0 1 0
2006109643 4 0 1 0
2006109727 5 0 1 0
2006112402 3 0 1 1
2006112486 2 0 1 1
2006112570 4 0 1 1
2006112654 5 0 1 1
2006121235 3 0 1 0
2006121319 2 0 1 0
2006121403 4 0 1 0
2006121487 5 0 1 0
2006124162 3 0 1 1
2006124246 2 0 1 1
2006124330 4 0 1 1
2006124414 5 0 1 1
2006132995 3 0 1 0
2006133079 2 0 1 0
2006133163 4 0 1 0
2006133247 5 0 1 0
2006135922 3 0 1 1
2006136006 2 0 1 1
2006136090 4 0 1 1
2006136174 5 0 1 1
2006144755 3 0 1 0
2006144839 2 0 1 0
2006144923 4 0 1 0
2006145007 5 0 1 0
2006147682 3 0 1 1
2006147766 2 0 1 1
2006147850 4 0 1 1
2006147934 5 0 1 1
2006156515 3 0 1 0
2006156599 2 0 1 0
2006156683 4 0 1 0
2006156767 5 0 1 0
2006159442 3 0 1 1
2006159526 2 0 1 1
2006159610 4 0 1 1
2006159694 5 0 1 1
2006168275 3 0 1 0
2006168359 2 0 1 0
2006168443 4 0 1 0
2006168527 5 0 1 0
2006171202 3 0 1 1
2006171286 2 0 1 1
2006171370 4 0 1 1
2006171454 5 0 1 1
2006180035 3 0 1 0
2006180119 2 0 1 0
2006180203 4 0 1 0
2006180287 5 0 1 0
2006182962 3 0 1 1
2006183046 2 0 1 1
2006183130 4 0 1 1
2006183214 5 0 1 1
2006191795 3 0 1 0
2006191879 2 0 1 0
2006191963 4 0 1 0
2006192047 5 0 1 0
2006194722 3 0 1 1
2006194806 2 0 1 1
2006194890 4 0 1 1
2006194974 5 0 1 1
2006203555 3 0 1 0
2006203639 2 0 1 0
2006203723 4 0 1 0
2006203807 5 0 1 0
2006206482 3 0 1 1
2006206566 2 0 1 1
2006206650 4 0 1 1
2006206734 5 0 1 1
2006215315 3 0 1 0
2006215399 2 0 1 0
2006215483 4 0 1 0
2006215567 5 0 1 0
2006217990 3 0 1 1
2006218074 2 0 1 1
2006218746 4 0 1 1
2006219754 5 0 1 1
2006225479 5 0 1 0
2006225563 2 0 1 0
2006229666 5 0 1 1
2006229750 2 0 1 1
2006231695 3 0 1 0
2006235559 4 0 1 0
2006237646 3 0 1 1
2006241090 4 0 1 1
2006241355 2 0 1 0
2006245542 2 0 1 1
2006245807 3 0 1 0
2006248482 3 0 1 1
2006249419 5 0 1 0
2006251855 4 0 1 0
2006253102 5 0 1 1
2006255286 4 0 1 1
2006256811 3 0 1 0
2006258575 2 0 1 0
2006260158 3 0 1 1
2006261754 2 0 1 1
2006262775 5 0 1 0
2006264959 4 0 1 0
2006265786 5 0 1 1
2006268054 4 0 1 1
2006268151 2 0 1 0
2006271330 2 0 1 1
2006271427 3 0 1 0
2006274522 3 0 1 1
2006274787 5 0 1 0
2006277979 4 0 1 0
2006278134 5 0 1 1
2006280990 4 0 1 1
2006281003 3 0 1 0
2006283762 3 0 1 1
2006283775 2 0 1 0
2006287206 2 0 1 1
2006288815 5 0 1 0
2006290075 4 0 1 0
2006292162 5 0 1 1
2006293002 4 0 1 1
2006294443 3 0 1 0
2006296543 2 0 1 0
2006297790 3 0 1 1
2006299470 2 0 1 1
2006300323 5 0 1 0
2006302675 4 0 1 0
2006303418 5 0 1 1
2006306274 4 0 1 1
2006307043 3 0 1 0
2006309563 2 0 1 0
2006310138 3 0 1 1
2006312910 2 0 1 1
2006313847 5 0 1 0
2006315695 4 0 1 0
2006316690 5 0 1 1
2006318790 4 0 1 1
2006320819 3 0 1 0
2006322247 2 0 1 0
2006324082 3 0 1 1
2006325174 2 0 1 1
2006325523 5 0 1 0
2006327707 4 0 1 0
2006328282 5 0 1 1
2006330718 4 0 1 1
2006334175 3 0 1 0
2006334343 2 0 1 0
2006336695 5 0 1 0
2006337102 3 0 1 1
2006337438 2 0 1 1
2006339538 5 0 1 1
2006339719 4 0 1 0
2006342730 4 0 1 1
2006346271 2 0 1 0
2006346691 3 0 1 0
2006348539 5 0 1 0
2006349198 2 0 1 1
2006349786 3 0 1 1
2006351466 5 0 1 1
2006351731 4 0 1 0
2006354742 4 0 1 1
2006358619 2 0 1 0
2006359039 3 0 1 0
2006360215 5 0 1 0
2006361714 2 0 1 1
2006362050 3 0 1 1
2006363142 5 0 1 1
2006363827 4 0 1 0
2006366838 4 0 1 1
2006371051 2 0 1 0
2006371471 3 0 1 0
2006371891 5 0 1 0
2006374062 2 0 1 1
2006374398 3 0 1 1
2006374818 5 0 1 1
2006375755 4 0 1 0
2006378766 4 0 1 1
2006383147 3 0 1 0
2006383315 2 0 1 0
2006383483 5 0 1 0
2006386074 3 0 1 1
2006386158 2 0 1 1
2006386410 5 0 1 1
2006387599 4 0 1 0
2006390610 4 0 1 1
2006394907 2 0 1 0
2006394991 3 0 1 0
2006395327 5 0 1 0
2006397834 2 0 1 1
2006397918 3 0 1 1
2006398254 5 0 1 1
2006399443 4 0 1 0
2006402454 4 0 1 1
2006406751 2 0 1 0
2006406835 3 0 1 0
2006407171 5 0 1 0
2006409678 2 0 1 1
2006409762 3 0 1 1
2006410098 5 0 1 1
2006411287 4 0 1 0
2006414298 4 0 1 1
2006418595 2 0 1 0
2006418679 3 0 1 0
2006419015 5 0 1 0
2006421522 2 0 1 1
2006421606 3 0 1 1
2006421942 5 0 1 1
2006423131 4 0 1 0
2006426142 4 0 1 1
2006430439 2 0 1 0
2006430523 3 0 1 0
2006430859 5 0 1 0
2006433366 2 0 1 1
2006433450 3 0 1 1
2006433786 5 0 1 1
2006434975 4 0 1 0
2006437986 4 0 1 1
2006442283 2 0 1 0
2006442367 3 0 1 0
2006442703 5 0 1 0
2006445210 2 0 1 1
2006445294 3 0 1 1
2006445630 5 0 1 1
2006446819 4 0 1 0
2006449830 4 0 1 1
2006454127 2 0 1 0
2006454211 3 0 1 0
2006454547 5 0 1 0
2006457054 2 0 1 1
2006457138 3 0 1 1
2006457474 5 0 1 1
2006458663 4 0 1 0
2006461674 4 0 1 1
2006465971 2 0 1 0
2006466055 3 0 1 0
2006466391 5 0 1 0
2006468898 2 0 1 1
2006468982 3 0 1 1
2006469318 5 0 1 1
2006470507 4 0 1 0
2006473518 4 0 1 1
2006477815 2 0 1 0
2006477899 3 0 1 0
2006478235 5 0 1 0
2006480742 2 0 1 1
2006480826 3 0 1 1
2006481162 5 0 1 1
2006482351 4 0 1 0
2006485362 4 0 1 1
2006489659 2 0 1 0
2006489743 3 0 1 0
2006490079 5 0 1 0
2006492586 2 0 1 1
2006492670 3 0 1 1
2006493006 5 0 1 1
2006494195 4 0 1 0
2006497206 4 0 1 1
2006501503 2 0 1 0
2006501587 3 0 1 0
2006501923 5 0 1 0
2006504430 2 0 1 1
2006504514 3 0 1 1
2006504850 5 0 1 1
2006506039 4 0 1 0
2006509050 4 0 1 1
2006513347 2 0 1 0
2006513431 3 0 1 0
2006513767 5 0 1 0
2006516274 2 0 1 1
2006516358 3 0 1 1
2006516694 5 0 1 1
2006517883 4 0 1 0
2006520894 4 0 1 1
2006525191 2 0 1 0
2006525275 3 0 1 0
2006525611 5 0 1 0
2006528118 2 0 1 1
2006528202 3 0 1 1
2006528538 5 0 1 1
2006529727 4 0 1 0
2006532738 4 0 1 1
2006537035 2 0 1 0
2006537119 3 0 1 0
2006537455 5 0 1 0
2006539962 2 0 1 1
2006540046 3 0 1 1
2006540382 5 0 1 1
2006541571 4 0 1 0
2006544582 4 0 1 1
2006548879 2 0 1 0
2006548963 3 0 1 0
2006549299 5 0 1 0
2006551806 2 0 1 1
2006551890 3 0 1 1
2006552226 5 0 1 1
2006553415 4 0 1 0
2006556594 4 0 1 1
2006560891 2 0 1 0
2006560975 3 0 1 0
2006561311 5 0 1 0
2006563818 2 0 1 1
2006563902 3 0 1 1
2006564238 5 0 1 1
2006566939 4 0 1 0
2006569950 4 0 1 1
2006572987 5 0 1 0
2006573071 2 0 1 0
2006573155 3 0 1 0
2006575914 5 0 1 1
2006575998 3 0 1 1
2006575998 2 0 1 1
2006580211 4 0 1 0
2006583222 4 0 1 1
2006584747 3 0 1 0
2006584915 2 0 1 0
2006585335 5 0 1 0
2006587926 3 0 1 1
2006588010 2 0 1 1
2006588346 5 0 1 1
2006594323 4 0 1 0
2006596843 2 0 1 0
2006596927 3 0 1 0
2006597095 5 0 1 0
2006597502 4 0 1 1
2006599854 2 0 1 1
2006599938 3 0 1 1
2006600106 5 0 1 1
2006607679 4 0 1 0
2006608771 2 0 1 0
2006608855 3 0 1 0
2006608939 5 0 1 0
2006610942 4 0 1 1
2006611698 2 0 1 1
2006611782 3 0 1 1
2006611866 5 0 1 1
2006620447 4 0 1 0
2006620531 2 0 1 0
2006620615 3 0 1 0
2006620699 5 0 1 0
2006623374 4 0 1 1
2006623458 2 0 1 1
2006623542 3 0 1 1
2006623626 5 0 1 1
2006632207 4 0 1 0
2006632291 2 0 1 0
2006632375 3 0 1 0
2006632459 5 0 1 0
2006635134 4 0 1 1
2006635218 2 0 1 1
2006635302 3 0 1 1
2006635386 5 0 1 1
2006643967 4 0 1 0
2006644051 2 0 1 0
2006644135 3 0 1 0
2006644219 5 0 1 0
2006646894 4 0 1 1
2006646978 2 0 1 1
2006647062 3 0 1 1
2006647146 5 0 1 1
2006655727 4 0 1 0
2006655811 2 0 1 0
2006655895 3 0 1 0
2006655979 5 0 1 0
2006658654 4 0 1 1
2006658738 2 0 1 1
2006658822 3 0 1 1
2006658906 5 0 1 1
2006667487 4 0 1 0
2006667571 2 0 1 0
2006667655 3 0 1 0
2006667739 5 0 1 0
2006670414 4 0 1 1
2006670498 2 0 1 1
2006670582 3 0 1 1
2006670666 5 0 1 1
2006679247 4 0 1 0
2006679331 2 0 1 0
2006679415 3 0 1 0
2006679499 5 0 1 0
2006682174 4 0 1 1
2006682258 2 0 1 1
2006682342 3 0 1 1
2006682426 5 0 1 1
2006691007 4 0 1 0
2006691091 2 0 1 0
2006691175 3 0 1 0
2006691259 5 0 1 0
2006693934 4 0 1 1
2006694018 2 0 1 1
2006694102 3 0 1 1
2006694186 5 0 1 1
2006702767 4 0 1 0
2006702851 2 0 1 0
2006702935 3 0 1 0
2006703019 5 0 1 0
2006705694 4 0 1 1
2006705778 2 0 1 1
2006705862 3 0 1 1
2006705946 5 0 1 1
2006714527 4 0 1 0
2006714611 2 0 1 0
2006714695 3 0 1 0
2006714779 5 0 1 0
2006717454 4 0 1 1
2006717538 2 0 1 1
2006717622 3 0 1 1
2006717706 5 0 1 1
2006726287 4 0 1 0
2006726371 2 0 1 0
2006726455 3 0 1 0
2006726539 5 0 1 0
2006729214 4 0 1 1
2006729298 2 0 1 1
2006729382 3 0 1 1
2006729466 5 0 1 1
2006738047 4 0 1 0
2006738131 2 0 1 0
2006738215 3 0 1 0
2006738299 5 0 1 0
2006740974 4 0 1 1
2006741058 2 0 1 1
2006741142 3 0 1 1
2006741226 5 0 1 1
2006749807 4 0 1 0
2006749891 2 0 1 0
2006749975 3 0 1 0
2006750059 5 0 1 0
2006752734 4 0 1 1
2006752818 2 0 1 1
2006752902 3 0 1 1
2006752986 5 0 1 1
2006761567 4 0 1 0
2006761651 2 0 1 0
2006761735 3 0 1 0
2006761819 5 0 1 0
2006764494 4 0 1 1
2006764578 2 0 1 1
2006764662 3 0 1 1
2006764746 5 0 1 1
2006773327 4 0 1 0
2006773411 2 0 1 0
2006773495 3 0 1 0
2006773579 5 0 1 0
2006776254 4 0 1 1
2006776338 2 0 1 1
2006776422 3 0 1 1
2006776506 5 0 1 1
2006785087 4 0 1 0
2006785171 2 0 1 0
2006785255 3 0 1 0
2006785339 5 0 1 0
2006788014 4 0 1 1
2006788098 2 0 1 1
2006788182 3 0 1 1
2006788266 5 0 1 1
2006796847 4 0 1 0
2006796931 2 0 1 0
2006797015 3 0 1 0
2006797099 5 0 1 0
2006799774 4 0 1 1
2006799858 2 0 1 1
2006799942 3 0 1 1
2006800026 5 0 1 1
2006808607 4 0 1 0
2006808691 2 0 1 0
2006808775 3 0 1 0
2006808859 5 0 1 0
2006811534 4 0 1 1
2006811618 2 0 1 1
2006811702 3 0 1 1
2006811786 5 0 1 1
2006820367 4 0 1 0
2006820451 2 0 1 0
2006820535 3 0 1 0
2006820619 5 0 1 0
2006823294 4 0 1 1
2006823378 2 0 1 1
2006823462 3 0 1 1
2006823546 5 0 1 1
2006832127 4 0 1 0
2006832211 2 0 1 0
2006832295 3 0 1 0
2006832379 5 0 1 0
2006835054 4 0 1 1
2006835138 2 0 1 1
2006835222 3 0 1 1
2006835306 5 0 1 1
2006843887 4 0 1 0
2006843971 2 0 1 0
2006844055 3 0 1 0
2006844139 5 0 1 0
2006846814 4 0 1 1
2006846898 2 0 1 1
2006846982 3 0 1 1
2006847066 5 0 1 1
2006855647 4 0 1 0
2006855731 2 0 1 0
2006855815 3 0 1 0
2006855899 5 0 1 0
2006858574 4 0 1 1
2006858658 2 0 1 1
2006858742 3 0 1 1
2006858826 5 0 1 1
2006867407 4 0 1 0
2006867491 2 0 1 0
2006867575 3 0 1 0
2006867659 5 0 1 0
2006870334 4 0 1 1
2006870418 2 0 1 1
2006870502 3 0 1 1
2006870586 5 0 1 1
2006879167 4 0 1 0
2006879251 2 0 1 0
2006879335 3 0 1 0
2006879419 5 0 1 0
2006882094 4 0 1 1
2006882178 2 0 1 1
2006882262 3 0 1 1
2006882346 5 0 1 1
2006890927 4 0 1 0
2006891011 2 0 1 0
2006891095 3 0 1 0
2006891179 5 0 1 0
2006893854 4 0 1 1
2006893938 2 0 1 1
2006894022 3 0 1 1
2006894106 5 0 1 1
2006902519 3 0 1 0
2006902687 4 0 1 0
2006902771 2 0 1 0
2006902939 5 0 1 0
2006906034 2 0 1 1
2006913523 2 0 1 0
2006917206 2 0 1 1
2006924611 2 0 1 0
2006928294 2 0 1 1
2006935699 2 0 1 0
2006939382 2 0 1 1
2006946787 2 0 1 0
2006950470 2 0 1 1
2006957875 2 0 1 0
2006961558 2 0 1 1
2006968963 2 0 1 0
2006972646 2 0 1 1
2006980051 2 0 1 0
2006983734 2 0 1 1
2006991139 2 0 1 0
2006994822 2 0 1 1
2007002227 2 0 1 0
2007005910 2 0 1 1
2007013315 2 0 1 0
2007016998 2 0 1 1
2007024403 2 0 1 0
2007028086 2 0 1 1
2007035491 2 0 1 0
2007039174 2 0 1 1
2007047923 2 0 1 0
2007053790 2 0 1 1
2007067915 2 0 1 0
2007074706 2 0 1 1
2007086059 2 0 1 0
2007090666 2 0 1 1
2007095551 2 0 1 0
2007099318 2 0 1 1
2007110839 2 0 1 0
2007115698 2 0 1 1
2007123943 2 0 1 0
2007127962 2 0 1 1
2007136795 2 0 1 0
2007141234 2 0 1 1
2007149227 2 0 1 0
2007153162 2 0 1 1
2007160147 2 0 1 0
2007164082 2 0 1 1
2007171403 2 0 1 0
2007175254 2 0 1 1
2007183667 2 0 1 0
2007187770 2 0 1 1
2007196519 2 0 1 0
2007200622 2 0 1 1
2007209623 2 0 1 0
2007213642 2 0 1 1
2007220963 2 0 1 0
2007224814 2 0 1 1
2007233059 2 0 1 0
2007236994 2 0 1 1
2007244651 2 0 1 0
2007248502 2 0 1 1
2007256495 2 0 1 0
2007260430 2 0 1 1
2007268339 2 0 1 0
2007272274 2 0 1 1
2007280183 2 0 1 0
2007284118 2 0 1 1
2007292279 2 0 1 0
2007296214 2 0 1 1
2007303871 2 0 1 0
2007307722 2 0 1 1
2007315715 2 0 1 0
2007319650 2 0 1 1
2007327559 2 0 1 0
2007331494 2 0 1 1
2007339403 2 0 1 0
2007343254 2 0 1 1
2007351247 2 0 1 0
2007355182 2 0 1 1
2007363091 2 0 1 0
2007367026 2 0 1 1
2007374935 2 0 1 0
2007378870 2 0 1 1
2007386947 2 0 1 0
2007390882 2 0 1 1
2007399211 2 0 1 0
2007403146 2 0 1 1
2007410719 2 0 1 0
2007414738 2 0 1 1
2007423235 2 0 1 0
2007427338 2 0 1 1
2007435583 2 0 1 0
2007439602 2 0 1 1
2007447007 2 0 1 0
2007450690 2 0 1 1
2007458095 2 0 1 0
2007461778 2 0 1 1
2007469183 2 0 1 0
2007472866 2 0 1 1
2007480271 2 0 1 0
2007483954 2 0 1 1
2007491359 2 0 1 0
2007495042 2 0 1 1
2007502447 2 0 1 0
2007506130 2 0 1 1
2007513535 2 0 1 0
2007517218 2 0 1 1
2007524623 2 0 1 0
2007528306 2 0 1 1
2007535711 2 0 1 0
2007539394 2 0 1 1
2007546799 2 0 1 0
2007550482 2 0 1 1
2007557887 2 0 1 0
2007561570 2 0 1 1
2007568975 2 0 1 0
2007572658 2 0 1 1
2007580063 2 0 1 0
2007583746 2 0 1 1
2007591151 2 0 1 0
2007594834 2 0 1 1
2007602239 2 0 1 0
2007605922 2 0 1 1
2007613327 2 0 1 0
2007617010 2 0 1 1
2007624415 2 0 1 0
2007628098 2 0 1 1
2007635503 2 0 1 0
2007639186 2 0 1 1
2007646591 2 0 1 0
2007650274 2 0 1 1
2007657679 2 0 1 0
2007661362 2 0 1 1
2007668767 2 0 1 0
2007672450 2 0 1 1
2007679855 2 0 1 0
2007683538 2 0 1 1
2007690943 2 0 1 0
2007694626 2 0 1 1
2007702031 2 0 1 0
2007705714 2 0 1 1
2007713119 2 0 1 0
2007716802 2 0 1 1
2007722779 2 0 1 0
